60
0 61 62 63 74 59 76 78 66 43 22 17 15 75 43 44 20 45 42 58 39 48 54 75 55 38 71 16 79 45 62 73 30 42 39 45 86 57 68 32 37 52 38 43 12 44 69 57 63 22 20 26 35 73 11 42 53 29 32 90
61 0 74 67 44 73 86 38 59 42 30 82 78 23 63 53 54 74 54 48 63 40 28 48 74 66 59 50 52 29 42 39 50 35 60 3 44 39 27 50 73 47 52 66 63 80 23 51 45 56 38 62 91 60 41 76 63 69 59 28
62 74 0 56 56 82 50 39 61 24 61 57 73 68 26 25 24 42 64 57 38 22 49 48 55 70 52 44 27 76 44 23 44 10 49 78 16 33 60 50 61 34 36 38 34 52 66 67 37 62 68 32 63 5 29 17 89 56 63 9
63 67 56 0 53 78 41 39 64 83 45 36 37 56 49 14 68 47 32 42 94 25 61 77 59 21 38 44 25 95 56 13 94 52 59 64 66 66 55 42 59 50 88 29 46 29 28 60 59 45 47 39 46 11 41 81 67 28 41 95
74 44 56 53 0 37 22 87 39 48 25 79 38 34 65 38 49 58 54 32 55 53 6 66 57 45 41 43 38 43 63 86 62 31 26 62 54 81 43 41 65 55 54 9 51 39 20 48 33 86 81 53 66 76 61 75 29 15 49 67
59 73 82 78 37 0 42 33 14 88 76 73 49 18 29 37 42 28 50 54 78 55 18 41 60 55 51 29 45 37 60 61 53 24 53 50 64 71 34 48 52 75 37 58 85 34 22 74 47 10 60 28 77 57 11 20 48 46 61 51
76 86 50 41 22 42 0 57 20 75 54 8 29 34 46 31 74 56 77 65 54 52 34 42 12 30 30 47 30 52 78 33 43 70 57 21 50 67 58 76 72 44 36 46 12 66 67 52 77 84 50 37 32 57 51 42 85 60 9 11
78 38 39 39 87 33 57 0 67 58 57 50 57 51 85 18 60 41 64 68 92 21 18 70 81 51 22 30 67 69 61 83 51 36 31 41 41 47 48 52 9 37 74 14 76 94 84 49 34 20 59 31 40 53 78 51 62 84 40 82
66 59 61 64 39 14 20 67 0 44 39 58 50 68 40 35 40 48 70 51 6 76 67 80 21 18 62 59 79 78 27 52 51 42 52 11 43 41 37 51 62 29 50 86 82 31 36 44 51 40 80 57 38 42 19 68 56 9 38 52
43 42 24 83 48 88 75 58 44 0 57 65 61 80 85 68 54 63 48 70 30 44 24 42 46 39 65 76 30 53 8 47 14 73 53 86 64 42 43 32 37 60 52 36 46 63 52 33 32 34 48 83 75 55 73 82 60 23 65 50
22 30 61 45 25 76 54 57 39 57 0 21 80 63 88 85 43 64 88 62 37 70 15 25 63 12 40 32 69 37 34 29 11 49 16 46 7 33 48 46 54 72 63 56 56 51 53 29 34 63 66 46 53 70 22 43 49 57 43 57
17 82 57 36 79 73 8 50 58 65 21 0 58 78 66 16 22 54 46 53 45 49 47 70 32 17 51 47 26 45 24 67 29 18 36 5 48 54 82 21 35 40 51 37 63 22 74 28 27 43 54 76 41 47 23 60 31 38 35 28
15 78 73 37 38 49 29 57 50 61 80 58 0 21 68 23 31 8 59 13 56 22 38 52 73 32 48 66 54 52 67 26 47 35 17 44 26 73 53 54 61 25 62 12 63 69 32 73 64 66 34 47 53 22 79 10 20 33 6 23
75 23 68 56 34 18 34 51 68 80 63 78 21 0 29 21 68 67 54 61 46 51 16 41 61 60 22 19 49 16 17 29 57 69 59 36 54 38 19 53 30 25 29 37 70 39 47 18 62 60 61 12 71 59 46 29 23 43 41 62
43 63 26 49 65 29 46 85 40 85 88 66 68 29 0 34 31 45 47 59 47 46 61 33 75 3 51 51 78 40 38 60 47 42 49 29 94 25 54 88 77 66 47 69 60 56 57 56 56 61 58 71 53 51 66 59 47 52 48 32
44 53 25 14 38 37 31 18 35 68 85 16 23 21 34 0 64 68 22 40 96 28 36 59 62 63 49 37 29 73 48 36 33 77 27 52 69 37 31 54 88 62 56 31 16 51 38 65 49 51 52 76 84 56 71 21 66 53 46 19
20 54 24 68 49 42 74 60 40 54 43 22 31 68 31 64 0 58 83 39 84 47 46 30 47 6 9 8 15 63 57 63 61 50 57 27 39 69 54 95 42 45 72 61 42 30 56 60 61 65 43 22 84 18 73 77 50 12 54 22
45 74 42 47 58 28 56 41 48 63 64 54 8 67 45 68 58 0 51 27 78 65 47 54 42 54 66 53 90 47 76 34 35 38 39 57 85 40 77 24 59 12 63 48 79 27 41 48 56 34 34 52 47 90 47 69 54 26 43 41
42 54 64 32 54 50 77 64 70 48 88 46 59 54 47 22 83 51 0 52 51 91 41 40 44 59 82 69 44 25 44 30 47 78 9 9 56 37 64 47 49 89 54 51 43 84 35 57 26 80 62 19 49 84 63 62 23 63 36 41
58 48 57 42 32 54 65 68 51 70 62 53 13 61 59 40 39 27 52 0 57 58 73 34 14 42 61 38 78 45 42 47 8 72 69 48 60 89 29 63 39 67 94 18 49 54 65 43 10 52 55 40 30 27 49 58 35 34 44 61
39 63 38 94 55 78 54 92 6 30 37 45 56 46 47 96 84 78 51 57 0 78 44 55 43 76 45 33 51 53 52 54 18 57 20 30 72 71 61 37 71 31 44 35 46 47 57 89 74 39 74 61 55 49 21 17 26 32 31 61
48 40 22 25 53 55 52 21 76 44 70 49 22 51 46 28 47 65 91 58 78 0 16 60 85 62 84 8 61 15 50 60 38 25 13 72 50 54 62 51 68 66 56 53 49 21 14 3 83 81 21 67 61 52 42 15 40 47 76 53
54 28 49 61 6 18 34 18 67 24 15 47 38 16 61 36 46 47 41 73 44 16 0 40 10 76 23 59 61 67 77 48 38 8 43 36 33 92 53 74 39 16 48 83 50 67 69 66 56 36 21 11 22 54 86 37 58 50 15 16
75 48 48 77 66 41 42 70 80 42 25 70 52 41 33 59 30 54 40 34 55 60 40 0 24 51 60 15 35 25 42 31 29 12 51 34 52 57 49 66 36 24 56 37 66 20 34 18 48 34 37 5 31 47 90 10 40 37 69 70
55 74 55 59 57 60 12 81 21 46 63 32 73 61 75 62 47 42 44 14 43 85 10 24 0 80 69 77 50 77 52 12 64 50 76 15 30 67 66 41 59 9 74 51 52 94 49 45 35 50 51 47 47 86 45 37 39 28 29 53
38 66 70 21 45 55 30 51 18 39 12 17 32 60 3 63 6 54 59 42 76 62 76 51 80 0 44 87 31 93 50 46 31 35 45 29 30 63 54 68 63 71 45 17 72 36 55 71 31 57 69 33 60 10 57 55 54 17 73 57
71 59 52 38 41 51 30 22 62 65 40 51 48 22 51 49 9 66 82 61 45 84 23 60 69 44 0 59 15 57 60 81 30 22 52 47 67 52 83 54 78 44 24 55 73 75 46 51 36 27 56 20 29 26 64 20 23 70 68 44
16 50 44 44 43 29 47 30 59 76 32 47 66 19 51 37 8 53 69 38 33 8 59 15 77 87 59 0 48 70 70 46 48 49 45 19 78 21 94 35 48 81 37 19 50 23 44 42 29 18 71 58 89 48 26 61 32 73 69 67
79 52 27 25 38 45 30 67 79 30 69 26 54 49 78 29 15 90 44 78 51 61 61 35 50 31 15 48 0 50 44 59 32 51 42 48 16 52 9 57 49 41 42 38 7 42 78 47 50 77 46 79 27 68 86 68 76 30 53 33
45 29 76 95 43 37 52 69 78 53 37 45 52 16 40 73 63 47 25 45 53 15 67 25 77 93 57 70 50 0 50 63 83 62 74 74 77 21 59 54 37 27 37 83 79 25 7 24 13 43 88 63 69 79 12 26 41 74 9 84
62 42 44 56 63 60 78 61 27 8 34 24 67 17 38 48 57 76 44 42 52 50 77 42 52 50 60 70 44 50 0 41 34 24 64 42 66 70 46 36 40 82 41 63 25 27 42 43 62 20 58 88 40 7 23 42 70 75 37 65
73 39 23 13 86 61 33 83 52 47 29 67 26 29 60 36 63 34 30 47 54 60 48 31 12 46 81 46 59 63 41 0 41 58 26 49 65 24 81 54 35 24 71 33 66 33 47 72 37 71 64 22 51 70 72 33 44 72 53 45
30 50 44 94 62 53 43 51 51 14 11 29 47 57 47 33 61 35 47 8 18 38 38 29 64 31 30 48 32 83 34 41 0 65 61 70 5 55 58 59 48 63 31 44 61 41 31 93 16 38 75 47 72 79 14 34 78 74 18 24
42 35 10 52 31 24 70 36 42 73 49 18 35 69 42 77 50 38 78 72 57 25 8 12 50 35 22 49 51 62 24 58 65 0 60 45 14 43 35 46 40 73 43 20 29 8 68 86 91 96 33 29 55 68 41 57 21 56 23 42
39 60 49 59 26 53 57 31 52 53 16 36 17 59 49 27 57 39 9 69 20 13 43 51 76 45 52 45 42 74 64 26 61 60 0 48 19 59 68 71 33 29 37 79 27 29 42 29 36 50 80 46 37 47 81 5 18 74 89 83
45 3 78 64 62 50 21 41 11 86 46 5 44 36 29 52 27 57 9 48 30 72 36 34 15 29 47 19 48 74 42 49 70 45 48 0 38 42 43 32 33 36 90 82 49 26 67 32 30 53 69 67 90 74 25 41 42 75 51 73
86 44 16 66 54 64 50 41 43 64 7 48 26 54 94 69 39 85 56 60 72 50 33 52 30 30 67 78 16 77 66 65 5 14 19 38 0 55 46 57 44 23 86 44 79 76 16 89 89 53 55 55 72 38 61 56 55 18 47 27
57 39 33 66 81 71 67 47 41 42 33 54 73 38 25 37 69 40 37 89 71 54 92 57 67 63 52 21 52 21 70 24 55 43 59 42 55 0 44 55 41 37 38 72 57 79 41 68 37 40 55 80 80 11 31 72 25 56 52 39
68 27 60 55 43 34 58 48 37 43 48 82 53 19 54 31 54 77 64 29 61 62 53 49 66 54 83 94 9 59 46 81 58 35 68 43 46 44 0 32 34 48 31 48 59 68 41 44 56 45 46 64 75 43 25 49 46 71 38 53
32 50 50 42 41 48 76 52 51 32 46 21 54 53 88 54 95 24 47 63 37 51 74 66 41 68 54 35 57 54 36 54 59 46 71 32 57 55 32 0 69 11 73 85 80 78 46 47 47 50 31 68 71 38 52 61 89 39 53 33
37 73 61 59 65 52 72 9 62 37 54 35 61 30 77 88 42 59 49 39 71 68 39 36 59 63 78 48 49 37 40 35 48 40 33 33 44 41 34 69 0 52 42 42 87 27 6 55 32 54 66 77 58 49 33 43 57 68 79 20
52 47 34 50 55 75 44 37 29 60 72 40 25 25 66 62 45 12 89 67 31 66 16 24 9 71 44 81 41 27 82 24 63 73 29 36 23 37 48 11 52 0 70 55 29 48 32 82 38 45 29 76 68 22 40 50 46 65 49 56
38 52 36 88 54 37 36 74 50 52 63 51 62 29 47 56 72 63 54 94 44 56 48 56 74 45 24 37 42 37 41 71 31 43 37 90 86 38 31 73 42 70 0 66 74 35 37 24 48 21 68 26 51 32 24 39 47 68 52 45
43 66 38 29 9 58 46 14 86 36 56 37 12 37 69 31 61 48 51 18 35 53 83 37 51 17 55 19 38 83 63 33 44 20 79 82 44 72 48 85 42 55 66 0 22 64 16 44 70 46 48 60 72 59 31 57 63 48 78 40
12 63 34 46 51 85 12 76 82 46 56 63 63 70 60 16 42 79 43 49 46 49 50 66 52 72 73 50 7 79 25 66 61 29 27 49 79 57 59 80 87 29 74 22 0 37 58 87 20 42 51 74 53 59 20 43 52 39 55 81
44 80 52 29 39 34 66 94 31 63 51 22 69 39 56 51 30 27 84 54 47 21 67 20 94 36 75 23 42 25 27 33 41 8 29 26 76 79 68 78 27 48 35 64 37 0 42 68 37 73 14 62 10 45 36 56 91 66 47 44
69 23 66 28 20 22 67 84 36 52 53 74 32 47 57 38 56 41 35 65 57 14 69 34 49 55 46 44 78 7 42 47 31 68 42 67 16 41 41 46 6 32 37 16 58 42 0 84 77 39 45 72 60 63 71 75 35 63 65 66
57 51 67 60 48 74 52 49 44 33 29 28 73 18 56 65 60 48 57 43 89 3 66 18 45 71 51 42 47 24 43 72 93 86 29 32 89 68 44 47 55 82 24 44 87 68 84 0 51 63 44 49 62 55 10 29 56 75 62 68
63 45 37 59 33 47 77 34 51 32 34 27 64 62 56 49 61 56 26 10 74 83 56 48 35 31 36 29 50 13 62 37 16 91 36 30 89 37 56 47 32 38 48 70 20 37 77 51 0 65 66 87 46 84 34 35 57 65 87 15
22 56 62 45 86 10 84 20 40 34 63 43 66 60 61 51 65 34 80 52 39 81 36 34 50 57 27 18 77 43 20 71 38 96 50 53 53 40 45 50 54 45 21 46 42 73 39 63 65 0 69 72 55 47 37 15 89 67 69 33
20 38 68 47 81 60 50 59 80 48 66 54 34 61 58 52 43 34 62 55 74 21 21 37 51 69 56 71 46 88 58 64 75 33 80 69 55 55 46 31 66 29 68 48 51 14 45 44 66 69 0 35 59 62 51 23 76 23 36 65
26 62 32 39 53 28 37 31 57 83 46 76 47 12 71 76 22 52 19 40 61 67 11 5 47 33 20 58 79 63 88 22 47 29 46 67 55 80 64 68 77 76 26 60 74 62 72 49 87 72 35 0 57 52 59 20 38 61 53 72
35 91 63 46 66 77 32 40 38 75 53 41 53 71 53 84 84 47 49 30 55 61 22 31 47 60 29 89 27 69 40 51 72 55 37 90 72 80 75 71 58 68 51 72 53 10 60 62 46 55 59 57 0 63 26 67 45 39 57 48
73 60 5 11 76 57 57 53 42 55 70 47 22 59 51 56 18 90 84 27 49 52 54 47 86 10 26 48 68 79 7 70 79 68 47 74 38 11 43 38 49 22 32 59 59 45 63 55 84 47 62 52 63 0 65 6 62 56 56 64
11 41 29 41 61 11 51 78 19 73 22 23 79 46 66 71 73 47 63 49 21 42 86 90 45 57 64 26 86 12 23 72 14 41 81 25 61 31 25 52 33 40 24 31 20 36 71 10 34 37 51 59 26 65 0 70 27 34 59 12
42 76 17 81 75 20 42 51 68 82 43 60 10 29 59 21 77 69 62 58 17 15 37 10 37 55 20 61 68 26 42 33 34 57 5 41 56 72 49 61 43 50 39 57 43 56 75 29 35 15 23 20 67 6 70 0 40 44 17 52
53 63 89 67 29 48 85 62 56 60 49 31 20 23 47 66 50 54 23 35 26 40 58 40 39 54 23 32 76 41 70 44 78 21 18 42 55 25 46 89 57 46 47 63 52 91 35 56 57 89 76 38 45 62 27 40 0 60 46 38
29 69 56 28 15 46 60 84 9 23 57 38 33 43 52 53 12 26 63 34 32 47 50 37 28 17 70 73 30 74 75 72 74 56 74 75 18 56 71 39 68 65 68 48 39 66 63 75 65 67 23 61 39 56 34 44 60 0 83 39
32 59 63 41 49 61 9 40 38 65 43 35 6 41 48 46 54 43 36 44 31 76 15 69 29 73 68 69 53 9 37 53 18 23 89 51 47 52 38 53 79 49 52 78 55 47 65 62 87 69 36 53 57 56 59 17 46 83 0 43
90 28 9 95 67 51 11 82 52 50 57 28 23 62 32 19 22 41 41 61 61 53 16 70 53 57 44 67 33 84 65 45 24 42 83 73 27 39 53 33 20 56 45 40 81 44 66 68 15 33 65 72 48 64 12 52 38 39 43 0

0 6 51 34 67 60 16 15 21 79 59 77 23 35 89 75 37 27 43 53 58 48 64 20 18 44 39 19 61 60 43 32 51 91 37 41 32 57 64 62 58 61 69 82 93 66 68 62 61 44 37 68 24 38 48 39 62 24 35 49
6 0 56 61 85 68 57 72 61 62 43 59 59 65 33 61 46 70 67 34 59 18 48 56 30 43 85 29 25 74 90 19 55 69 74 40 16 20 57 65 52 71 51 19 50 50 60 36 9 41 47 77 44 29 56 28 22 73 64 55
51 56 0 21 48 62 74 54 93 54 72 53 12 31 84 55 39 74 47 43 36 49 49 34 51 36 51 67 50 8 74 57 50 31 19 34 52 57 49 64 29 53 54 63 63 79 66 63 68 50 67 70 20 16 37 43 78 32 39 25
34 61 21 0 83 62 16 74 34 43 80 58 35 57 43 41 57 74 58 34 51 65 16 55 44 40 23 82 90 17 51 44 40 39 76 60 28 53 55 65 47 55 54 16 64 44 45 85 33 23 61 68 64 32 53 43 50 53 8 30
67 85 48 83 0 65 19 83 51 30 54 34 36 13 60 44 65 51 39 38 45 58 75 27 68 46 55 54 37 27 37 22 50 38 50 82 77 77 57 41 42 40 23 71 45 28 59 23 33 85 78 50 67 41 44 30 42 69 55 47
60 68 62 62 65 0 55 66 28 73 28 45 58 37 82 98 53 26 36 74 45 46 66 78 61 60 30 87 10 38 49 18 70 44 82 77 23 84 77 31 85 37 32 68 97 34 82 54 69 53 36 44 75 82 45 51 41 63 67 60
16 57 74 16 19 55 0 44 54 71 65 72 42 76 47 29 85 44 63 33 16 32 45 86 32 74 45 43 44 74 53 75 72 53 50 48 31 69 49 39 83 60 49 62 23 16 35 46 53 93 49 70 82 61 43 49 43 55 69 32
15 72 54 74 83 66 44 0 69 15 45 26 57 66 43 49 52 69 67 92 90 33 29 33 66 41 42 18 61 44 49 49 87 46 85 1 79 48 87 37 50 76 8 88 45 44 50 59 28 36 73 28 83 35 13 32 58 60 78 22
21 61 93 34 51 28 54 69 0 28 58 87 46 34 43 41 69 50 47 43 63 44 74 67 73 28 45 68 71 40 47 49 15 56 66 74 37 49 43 67 64 34 42 70 52 56 37 32 22 54 51 36 56 57 70 91 78 56 49 42
79 62 54 43 30 73 71 15 28 0 63 54 47 51 19 41 64 57 80 42 66 34 74 75 57 34 39 52 65 73 75 72 33 69 75 45 55 79 40 94 52 65 21 67 54 56 3 39 55 35 58 39 88 57 37 34 47 52 54 29
59 43 72 80 54 28 65 45 58 63 0 16 63 72 78 51 83 32 70 25 52 47 66 56 28 28 38 26 5 66 29 51 54 46 77 31 51 60 39 52 30 25 67 19 59 70 62 46 34 57 79 41 67 69 35 39 56 53 12 42
77 59 53 58 34 45 72 26 87 54 16 0 46 50 52 44 93 47 38 52 65 39 59 51 31 40 43 35 78 58 77 46 29 62 61 52 43 79 57 48 48 30 28 84 8 47 60 30 31 25 55 68 48 51 65 80 59 32 58 28
23 59 12 35 36 58 42 57 46 47 63 46 0 35 50 93 21 26 41 56 16 13 27 9 45 32 58 48 45 75 28 34 49 69 88 16 61 70 82 54 60 21 28 49 54 17 23 28 42 67 49 33 34 70 39 63 93 91 46 34
35 65 31 57 13 37 76 66 34 51 72 50 35 0 60 52 9 94 3 53 59 34 41 58 54 12 66 51 25 65 23 44 31 42 10 48 65 59 88 40 67 93 20 57 83 16 45 43 56 13 30 25 57 42 42 44 18 77 2 29
89 33 84 43 60 82 47 43 43 19 78 52 50 60 0 38 64 52 67 61 69 56 68 88 75 45 52 49 82 62 28 54 19 49 79 55 44 45 35 33 48 42 83 27 28 45 49 44 75 84 68 2 49 60 15 55 33 59 85 71
75 61 55 41 44 98 29 49 41 41 51 44 93 52 38 0 63 28 52 59 85 40 62 53 34 41 62 66 43 41 58 27 61 85 62 78 37 51 82 31 34 60 15 50 88 65 61 54 32 28 22 61 25 35 32 54 56 75 26 7
37 46 39 57 65 53 85 52 69 64 83 93 21 9 64 63 0 64 42 51 10 67 32 19 50 52 29 23 66 40 79 56 63 31 58 66 46 43 76 51 68 67 36 44 18 47 22 51 65 23 5 74 50 55 46 37 47 4 58 29
27 70 74 74 51 26 44 69 50 57 32 47 26 94 52 28 64 0 40 50 50 23 8 90 56 51 43 70 52 90 33 34 31 37 43 63 49 24 46 64 50 26 28 25 28 25 41 27 39 60 56 22 41 13 24 61 61 89 17 51
43 67 47 58 39 36 63 67 47 80 70 38 41 3 67 52 42 40 0 64 88 27 32 78 12 82 37 39 36 56 46 77 41 66 76 67 7 50 17 43 48 87 50 45 29 75 46 92 72 4 39 26 61 72 12 47 73 28 77 58
53 34 43 34 38 74 33 92 43 42 25 52 56 53 61 59 51 50 64 0 49 29 81 96 59 54 67 25 34 63 10 79 54 32 90 5 48 50 58 52 12 48 36 51 32 43 17 31 57 57 50 62 46 21 11 43 30 94 77 53
58 59 36 51 45 45 16 90 63 66 52 65 16 59 69 85 10 50 88 49 0 44 55 51 50 56 53 22 62 65 41 36 84 59 31 46 71 93 44 19 34 69 66 51 32 50 83 84 69 40 40 21 29 62 7 25 53 15 87 38
48 18 49 65 58 46 32 33 44 34 47 39 13 34 56 40 67 23 27 29 44 0 57 62 47 29 10 62 37 51 53 64 43 75 75 37 38 84 75 60 21 85 58 63 90 68 45 56 43 53 23 40 50 25 54 51 76 47 54 62
64 48 49 16 75 66 45 29 74 74 66 59 27 41 68 62 32 8 32 81 55 57 0 60 76 24 31 39 33 21 61 38 8 24 37 53 14 26 56 20 19 61 55 29 41 63 46 48 43 47 82 24 45 30 36 74 40 56 50 80
20 56 34 55 27 78 86 33 67 75 56 51 9 58 88 53 19 90 78 96 51 62 60 0 68 18 47 9 18 50 60 51 91 28 37 49 34 25 74 8 63 60 53 88 52 29 33 27 52 48 26 67 90 50 25 79 48 26 53 84
18 30 51 44 68 61 32 66 73 57 28 31 45 54 75 34 50 56 12 59 50 47 76 68 0 48 15 65 58 42 48 84 22 84 51 44 51 77 44 52 65 79 25 60 34 65 14 52 51 50 40 39 41 71 40 58 83 90 51 33
44 43 36 40 46 60 74 41 28 34 28 40 32 12 45 41 52 51 82 54 56 29 24 18 48 0 41 34 57 69 11 9 19 63 33 46 75 43 85 45 29 66 56 9 56 22 65 25 65 34 29 65 52 29 46 76 55 50 74 26
39 85 51 23 55 30 45 42 45 39 38 43 58 66 52 62 29 43 37 67 53 10 31 47 15 41 0 57 21 66 73 35 30 51 40 35 52 35 7 5 61 52 40 72 17 46 11 13 55 47 70 50 92 45 32 40 20 90 49 79
19 29 67 82 54 87 43 18 68 52 26 35 48 51 49 66 23 70 39 25 22 62 39 9 65 34 57 0 32 8 51 55 65 12 42 36 62 55 46 42 54 89 79 34 17 30 43 74 37 70 75 39 58 6 14 92 84 77 41 33
61 25 50 90 37 10 44 61 71 65 5 78 45 25 82 43 66 52 36 34 62 37 33 18 58 57 21 32 0 52 85 29 69 34 74 42 65 53 82 66 60 46 80 81 36 55 33 66 23 85 57 49 54 54 13 57 92 67 59 74
60 74 8 17 27 38 74 44 40 73 66 58 75 65 62 41 40 90 56 63 65 51 21 50 42 69 66 8 52 0 50 55 54 43 44 38 23 29 82 50 73 41 23 41 54 41 55 45 79 30 64 58 37 91 50 40 41 74 46 46
43 90 74 51 37 49 53 49 47 75 29 77 28 23 28 58 79 33 46 10 41 53 61 60 48 11 73 51 85 50 0 84 43 64 40 29 62 70 22 56 52 67 41 53 19 10 72 85 17 40 21 81 20 28 41 43 58 20 33 63
32 19 57 44 22 18 75 49 49 72 51 46 34 44 54 27 56 34 77 79 36 64 38 51 84 9 35 55 29 55 84 0 54 43 34 40 67 59 85 33 72 66 22 36 56 31 31 67 23 24 73 46 49 54 79 72 74 46 65 9
51 55 50 40 50 70 72 87 15 33 54 29 49 31 19 61 63 31 41 54 84 43 8 91 22 19 30 65 69 54 43 54 0 82 42 72 35 26 66 76 67 62 12 29 18 70 59 11 52 55 71 90 55 66 24 52 43 77 71 78
91 69 31 39 38 44 53 46 56 69 46 62 69 42 49 85 31 37 66 32 59 75 24 28 84 63 51 12 34 43 64 43 82 0 20 41 23 44 60 38 52 49 42 21 67 70 68 42 45 38 49 50 66 54 60 34 56 66 54 32
37 74 19 76 50 82 50 85 66 75 77 61 88 10 79 62 58 43 76 90 31 75 37 37 51 33 40 42 74 44 40 34 42 20 0 57 46 61 50 78 55 48 30 59 78 61 10 39 27 62 61 19 40 44 41 49 41 53 40 38
41 40 34 60 82 77 48 1 74 45 31 52 16 48 55 78 66 63 67 5 46 37 53 49 44 46 35 36 42 38 29 40 72 41 57 0 87 33 80 24 88 47 38 30 38 52 69 56 79 68 73 82 18 29 43 35 9 28 76 38
32 16 52 28 77 23 31 79 37 55 51 43 61 65 44 37 46 49 7 48 71 38 14 34 51 75 52 62 65 23 62 67 35 23 46 87 0 58 39 41 67 89 5 76 69 26 68 83 68 20 17 22 47 18 60 37 70 34 80 60
57 20 57 53 77 84 69 48 49 79 60 79 70 59 45 51 43 24 50 50 93 84 26 25 77 43 35 55 53 29 70 59 26 44 61 33 58 0 64 45 41 38 31 89 23 65 78 19 51 64 69 37 62 77 34 54 34 61 26 50
64 57 49 55 57 77 49 87 43 40 39 57 82 88 35 82 76 46 17 58 44 75 56 74 44 85 7 46 82 82 22 85 66 60 50 80 39 64 0 35 54 37 64 10 67 27 51 61 45 51 33 49 45 38 81 69 27 69 53 38
62 65 64 65 41 31 39 37 67 94 52 48 54 40 33 31 51 64 43 52 19 60 20 8 52 45 5 42 66 50 56 33 76 38 78 24 41 45 35 0 84 68 67 22 16 68 57 49 14 27 62 57 63 45 9 46 45 93 66 42
58 52 29 47 42 85 83 50 64 52 30 48 60 67 48 34 68 50 48 12 34 21 19 63 65 29 61 54 60 73 52 72 67 52 55 88 67 41 54 84 0 35 63 42 91 53 47 61 73 69 77 65 38 61 31 25 79 54 28 54
61 71 53 55 40 37 60 76 34 65 25 30 21 93 42 60 67 26 87 48 69 85 61 60 79 66 52 89 46 41 67 66 62 49 48 47 89 38 37 68 35 0 44 40 31 45 16 22 85 53 48 22 17 52 43 15 59 53 28 58
69 51 54 54 23 32 49 8 42 21 67 28 28 20 83 15 36 28 50 36 66 58 55 53 25 56 40 79 80 23 41 22 12 42 30 38 5 31 64 67 63 44 0 47 71 27 60 41 26 42 12 57 66 33 79 39 35 69 19 39
82 19 63 16 71 68 62 88 70 67 19 84 49 57 27 50 44 25 45 51 51 63 29 88 60 9 72 34 81 41 53 36 29 21 59 30 76 89 10 22 42 40 47 0 89 25 38 59 42 95 90 18 30 55 54 36 59 42 17 7
93 50 63 64 45 97 23 45 52 54 59 8 54 83 28 88 18 28 29 32 32 90 41 52 34 56 17 17 36 54 19 56 18 67 78 38 69 23 67 16 91 31 71 89 0 69 31 51 4 16 33 61 68 45 94 47 75 50 61 54
66 50 79 44 28 34 16 44 56 56 70 47 17 16 45 65 47 25 75 43 50 68 63 29 65 22 46 30 55 41 10 31 70 70 61 52 26 65 27 68 53 45 27 25 69 0 50 56 40 26 74 56 65 60 57 76 66 58 17 80
68 60 66 45 59 82 35 50 37 3 62 60 23 45 49 61 22 41 46 17 83 45 46 33 14 65 11 43 33 55 72 31 59 68 10 69 68 78 51 57 47 16 60 38 31 50 0 75 36 67 58 49 43 46 27 75 65 38 36 38
62 36 63 85 23 54 46 59 32 39 46 30 28 43 44 54 51 27 92 31 84 56 48 27 52 25 13 74 66 45 85 67 11 42 39 56 83 19 61 49 61 22 41 59 51 56 75 0 72 37 59 82 48 26 54 49 49 44 59 87
61 9 68 33 33 69 53 28 22 55 34 31 42 56 75 32 65 39 72 57 69 43 43 52 51 65 55 37 23 79 17 23 52 45 27 79 68 51 45 14 73 85 26 42 4 40 36 72 0 59 35 55 54 84 34 10 45 79 30 52
44 41 50 23 85 53 93 36 54 35 57 25 67 13 84 28 23 60 4 57 40 53 47 48 50 34 47 70 85 30 40 24 55 38 62 68 20 64 51 27 69 53 42 95 16 26 67 37 59 0 66 76 45 40 38 49 38 44 53 94
37 47 67 61 78 36 49 73 51 58 79 55 49 30 68 22 5 56 39 50 40 23 82 26 40 29 70 75 57 64 21 73 71 49 61 73 17 69 33 62 77 48 12 90 33 74 58 59 35 66 0 76 72 51 85 19 39 46 76 67
68 77 70 68 50 44 70 28 36 39 41 68 33 25 2 61 74 22 26 62 21 40 24 67 39 65 50 39 49 58 81 46 90 50 19 82 22 37 49 57 65 22 57 18 61 56 49 82 55 76 76 0 23 12 51 47 40 53 33 54
24 44 20 64 67 75 82 83 56 88 67 48 34 57 49 25 50 41 61 46 29 50 45 90 41 52 92 58 54 37 20 49 55 66 40 18 47 62 45 63 38 17 66 30 68 65 43 48 54 45 72 23 0 67 42 58 67 29 72 49
38 29 16 32 41 82 61 35 57 57 69 51 70 42 60 35 55 13 72 21 62 25 30 50 71 29 45 6 54 91 28 54 66 54 44 29 18 77 38 45 61 52 33 55 45 60 46 26 84 40 51 12 67 0 82 45 32 32 62 49
48 56 37 53 44 45 43 13 70 37 35 65 39 42 15 32 46 24 12 11 7 54 36 25 40 46 32 14 13 50 41 79 24 60 41 43 60 34 81 9 31 43 79 54 94 57 27 54 34 38 85 51 42 82 0 39 41 69 60 56
39 28 43 43 30 51 49 32 91 34 39 80 63 44 55 54 37 61 47 43 25 51 74 79 58 76 40 92 57 40 43 72 52 34 49 35 37 54 69 46 25 15 39 36 47 76 75 49 10 49 19 47 58 45 39 0 34 49 59 54
62 22 78 50 42 41 43 58 78 47 56 59 93 18 33 56 47 61 73 30 53 76 40 48 83 55 20 84 92 41 58 74 43 56 41 9 70 34 27 45 79 59 35 59 75 66 65 49 45 38 39 40 67 32 41 34 0 20 64 33
24 73 32 53 69 63 55 60 56 52 53 32 91 77 59 75 4 89 28 94 15 47 56 26 90 50 90 77 67 74 20 46 77 66 53 28 34 61 69 93 54 53 69 42 50 58 38 44 79 44 46 53 29 32 69 49 20 0 54 60
35 64 39 8 55 67 69 78 49 54 12 58 46 2 85 26 58 17 77 77 87 54 50 53 51 74 49 41 59 46 33 65 71 54 40 76 80 26 53 66 28 28 19 17 61 17 36 59 30 53 76 33 72 62 60 59 64 54 0 47
49 55 25 30 47 60 32 22 42 29 42 28 34 29 71 7 29 51 58 53 38 62 80 84 33 26 79 33 74 46 63 9 78 32 38 38 60 50 38 42 54 58 39 7 54 80 38 87 52 94 67 54 49 49 56 54 33 60 47 0
