50
11.361376 -46.311625
11.084782 -48.482975
12.437148 -47.395884
12.616557 -48.693413
11.915846 -49.480989
10.964336 -49.033568
11.687066 -47.265862
11.075999 -48.499460
12.226053 -49.047873
12.566611 -50.239203
-31.477137 35.836444
-31.403665 35.362470
-32.092408 33.904476
-32.073592 36.283680
-30.784472 37.645560
-30.488395 37.451614
-31.975568 34.914083
-31.371730 36.281123
-31.466412 35.556014
-30.210684 35.393910
-40.793434 -29.111918
-41.771700 -30.665636
-41.865542 -29.590197
-41.350087 -30.280058
-41.189788 -32.280802
-42.607937 -28.110174
-42.327410 -30.181562
-40.812024 -30.231206
-42.970617 -29.495688
-41.964968 -29.516248
12.371910 -40.557584
12.621686 -39.217815
12.421153 -40.275004
13.018697 -40.023022
13.242544 -40.022628
13.710877 -41.245948
12.802489 -39.080051
13.441981 -39.625281
12.882441 -40.141413
13.336957 -38.569482
-35.277414 -30.804634
-35.910370 -32.483102
-34.413667 -31.856888
-35.491926 -31.819720
-33.403531 -32.827665
-35.770957 -32.592665
-34.418705 -31.249711
-34.074756 -31.118950
-33.678826 -32.512346
-34.289761 -30.040987
