200
-77.043025 -59.695569
-74.844837 -58.315385
-75.205921 -57.975995
-74.531168 -58.423012
-74.327976 -57.605405
-75.309327 -59.623103
-75.484440 -60.056468
-74.788877 -58.581261
-74.385333 -59.498297
-74.003928 -59.248795
-75.872355 -59.206985
-75.677383 -58.438554
-74.189946 -57.934863
-75.005348 -56.468435
-74.489278 -57.151443
-75.350546 -59.000695
-1.770419 39.676040
0.497997 38.282724
-1.667697 38.664076
-1.088034 38.153103
-2.732701 37.320199
-0.267161 38.991432
-1.559351 38.912138
-1.785502 38.357237
-0.022119 40.348688
-1.797148 38.968113
-1.757496 40.333865
-2.481120 36.943072
-0.518303 38.583646
-1.546691 38.816900
-1.079107 38.218922
-1.449192 38.302966
60.255574 54.795081
59.453273 54.122593
60.415782 53.726963
60.396953 52.679861
58.744648 51.720059
61.388562 54.761788
60.110099 52.719707
58.967327 54.192222
59.585297 52.041460
60.298167 53.960392
60.063239 54.093716
58.911212 52.358885
60.929656 52.296812
59.716215 53.286899
60.679476 54.984003
59.807408 53.417084
-39.721178 21.905374
-37.884407 23.419047
-37.436933 23.639763
-37.967132 22.511583
-37.099870 23.892674
-36.283777 22.677913
-37.384751 22.709789
-36.672019 24.130230
-37.334526 24.813726
-38.383932 24.327723
-39.678915 23.550657
-38.341182 23.391723
-39.744779 23.041773
-37.669776 21.336221
-39.072905 22.754014
-38.495837 23.827962
112.943907 50.950480
113.584080 48.035549
113.058228 50.260519
112.322310 50.587684
114.611714 49.549088
113.475754 47.722320
112.223726 50.598663
111.882856 49.868612
113.505155 49.414872
113.967124 49.250204
114.538314 47.826548
112.668507 49.235230
113.001585 50.752703
111.998488 50.484230
112.722768 49.252275
111.949039 49.899737
-66.363755 -86.778477
-68.599146 -88.077420
-69.895633 -87.504157
-67.341715 -87.270823
-69.087219 -86.863704
-68.355366 -87.525697
-69.520021 -86.175375
-67.285621 -86.888144
-67.319855 -85.588576
-67.215029 -85.279796
-68.311224 -86.752014
-68.717021 -85.318903
-67.432454 -88.384987
-67.388936 -85.431668
-67.862381 -86.258398
-67.480954 -86.160620
48.893551 89.017679
50.293133 87.433283
47.490700 87.602120
48.348078 88.083996
49.692729 88.044045
49.469590 86.977236
50.908975 87.593455
49.416745 87.943969
47.764686 87.241087
49.299397 89.001564
49.841177 86.006040
50.341072 85.622665
49.043287 88.014177
51.237777 86.080673
50.144057 86.837005
49.568178 87.846762
-25.193531 -92.075397
-26.539686 -92.822512
-27.017554 -91.275400
-24.925269 -92.337959
-25.923396 -90.416309
-27.497194 -94.471779
-26.979265 -90.983771
-27.337855 -93.596000
-26.522922 -91.788511
-27.761011 -91.984489
-25.982631 -91.671747
-26.154003 -91.934753
-27.393984 -91.232007
-25.730295 -92.096642
-28.039647 -93.122842
-28.847300 -92.070530
8.992644 5.670883
9.934913 8.447740
8.889767 6.255110
10.041683 6.139969
9.506578 5.441450
10.176726 6.600236
7.192403 6.227289
8.967520 5.994394
8.432559 7.526052
9.038984 7.724381
8.451598 5.752281
8.909548 8.788207
7.995936 4.714494
10.087640 7.661313
7.284024 5.353204
7.340068 6.136917
80.097752 -94.814471
78.657062 -94.731901
79.231330 -94.120433
79.332723 -92.761619
80.993338 -94.217497
79.319466 -95.388532
81.165704 -94.129069
78.722118 -94.291430
79.030800 -93.123724
78.569979 -93.925075
78.858031 -95.245391
78.081662 -93.999235
80.484050 -93.567041
79.710797 -93.931731
79.199340 -94.128160
79.159291 -92.958896
112.939977 51.459045
113.196112 50.072614
111.496319 50.172674
112.422149 50.723254
112.786033 49.494180
111.080135 51.121291
113.746304 51.606466
113.773943 49.815795
112.032808 49.827820
112.630805 51.892914
113.660835 48.738892
113.294441 48.694402
113.712181 51.179785
113.797042 53.207579
111.571920 49.904483
112.970924 51.826852
-99.759488 80.385796
-99.335161 80.512643
-99.815807 79.659106
-99.129627 79.028710
-97.776725 81.842721
-100.401223 79.551240
-98.555424 78.796283
-100.000995 81.669144
-99.029697 81.724295
-98.967676 81.820509
-98.463107 80.808242
-98.965145 81.067988
-99.337893 79.133105
-99.974613 80.705006
-100.947176 81.174948
-99.296899 81.921710
-98.284302 79.137958
-100.209796 80.738925
-99.624125 82.462862
-98.836549 80.070777
-100.075804 80.246072
-99.929300 80.216493
-98.239804 79.189136
-99.541231 81.923830
