1000
-166.888511 170.464382
-167.273894 172.770096
-167.391124 172.078594
-166.669440 173.531296
-167.478908 172.978627
-168.211809 171.559500
-166.181210 172.926759
-167.558921 172.975847
-167.844970 171.518476
-165.989410 171.417586
-167.762852 171.912244
-166.686825 172.420231
-166.447223 172.728234
-165.994281 171.541780
-167.330812 171.788531
-166.591422 171.243459
-166.924590 172.447231
-167.429681 168.962216
-167.942265 173.915192
-166.760014 170.965135
-167.995930 171.136417
-168.917706 173.206518
-167.142189 172.314088
-167.171916 171.850277
-167.788451 172.505549
-168.193598 172.740792
-169.196559 171.425374
-166.213390 171.520102
-166.690229 171.983443
-166.950405 172.283876
-166.840797 172.923634
-166.636224 172.408377
-165.995450 172.186826
-167.845411 173.346045
-168.151454 173.419211
-166.121667 172.425694
-168.368081 171.745704
-167.577921 173.234584
-168.294262 170.488315
-165.685115 172.312892
-169.572201 173.099749
-167.840644 173.291959
-167.929144 172.091065
-166.960973 172.033310
-168.549316 173.175381
-167.403742 172.862341
-167.113143 172.724740
-165.505327 170.028940
-167.113224 171.560821
-167.414042 171.250595
-84.871651 56.062011
-85.865947 54.229329
-85.014656 55.750996
-86.584417 56.328139
-86.570349 56.215632
-86.642160 53.289021
-84.890273 55.316593
-84.850988 57.215998
-86.346645 55.964568
-84.093573 54.107583
-84.988521 53.922708
-84.720291 56.851478
-85.471986 54.171729
-85.361014 55.116805
-85.210933 55.939775
-85.391866 52.984184
-85.754202 56.310262
-84.065162 56.447867
-85.945622 54.367647
-83.635817 56.090010
-83.571166 54.814366
-84.740374 56.276572
-84.443768 57.816531
-86.768060 55.158795
-84.318663 53.476749
-85.127847 53.476211
-84.302554 55.484449
-84.465941 57.012035
-83.578807 53.887304
-85.755692 54.790669
-85.230554 54.940009
-85.351857 53.329289
-85.766306 57.614789
-87.443863 56.079267
-84.714117 57.578320
-85.112610 54.938201
-84.915355 54.386894
-85.950516 56.533238
-84.028327 54.586236
-84.605343 55.382561
-86.025119 56.914009
-84.491890 54.465734
-86.787578 54.306538
-83.908736 54.456250
-85.754230 57.577679
-85.605408 55.958480
-83.139198 55.817591
-85.323446 56.567102
-85.689543 54.092841
-84.202821 55.613046
134.320102 189.322496
133.127840 190.963132
134.640000 192.317727
133.899209 189.818465
134.737218 190.731220
134.398540 190.541033
135.924397 190.849658
134.204721 191.115306
135.416910 190.431895
134.133855 191.198144
132.898591 192.160568
133.786996 190.871756
133.360011 191.226370
133.228529 189.161313
133.335257 189.029872
132.838374 190.103689
133.190200 190.447877
133.412245 190.339265
133.007031 192.092456
134.400148 189.253643
133.472360 192.170764
134.727612 191.246560
134.998210 190.843859
134.482870 191.411995
133.940454 191.063579
133.150785 193.105308
133.671261 190.588055
135.370155 188.554862
135.592106 190.176665
133.043546 191.216602
133.536193 190.479691
132.925313 190.548241
134.733889 191.853667
134.995456 189.905561
132.904956 190.733088
134.241389 190.326843
132.846866 190.015934
131.608219 188.167183
132.854728 189.600344
132.681709 190.725478
135.291700 190.559597
133.843117 190.667039
134.765031 189.939378
134.391172 190.460764
134.313824 189.938398
133.971443 191.747977
133.646881 190.561612
134.455202 188.758626
136.340384 192.381431
134.566036 190.370640
-136.503500 -1.679118
-135.543766 -0.061334
-134.581064 -0.366940
-134.014401 -2.154980
-134.583608 -0.618833
-135.502963 -1.152347
-136.443379 -1.584568
-134.299584 -1.994523
-134.299229 -2.558733
-134.548107 -1.096830
-133.045990 -2.128967
-133.226540 -0.547205
-135.505770 -0.320529
-136.133787 -1.599719
-133.516740 -1.898426
-134.205513 0.273769
-134.574362 -0.777614
-135.665010 -2.949921
-134.624085 -0.769086
-136.069941 -2.367196
-136.604149 0.110962
-136.667459 -2.100088
-135.850563 -3.103621
-133.742854 -1.622278
-137.217084 -1.065145
-134.939270 0.188885
-137.180556 -0.789935
-135.055445 -0.127634
-135.810313 -0.897851
-135.343794 -1.270928
-135.360496 -2.462452
-135.964814 -2.638604
-135.699744 -2.225549
-135.380161 -0.875913
-134.656758 -1.267957
-136.268697 0.695681
-134.921568 0.020474
-136.162701 -2.991321
-135.716688 -1.753366
-135.894614 -2.015739
-134.628364 -2.280880
-134.039016 -1.136180
-135.338451 0.025666
-135.996062 -2.221355
-134.378800 -1.272335
-133.371451 -0.278994
-134.698640 -1.439142
-135.184388 0.035117
-135.946299 -0.721316
-135.169659 1.120251
87.361569 -65.081369
87.041373 -64.810940
86.261115 -63.925454
85.782821 -66.682572
88.018939 -64.440589
85.316101 -64.877577
87.109354 -63.192240
88.107983 -63.624781
88.398898 -63.091316
88.590410 -63.600312
86.742976 -64.159679
84.604677 -62.559962
86.794955 -63.533606
87.424898 -62.130781
86.393749 -64.035548
86.094154 -64.080710
88.353057 -64.046962
87.120454 -64.188188
87.115138 -64.629895
88.882652 -64.776846
86.168463 -65.034245
86.012845 -63.986264
86.630877 -63.379589
84.997981 -63.733868
86.153909 -64.845118
86.333958 -63.571593
88.538118 -65.781301
87.211864 -65.140595
86.838730 -63.340612
88.198162 -63.346253
85.892644 -64.257876
87.784281 -64.084294
86.245240 -64.423964
86.165332 -62.690687
87.015117 -64.872818
86.514263 -62.517017
85.594565 -63.851052
85.505931 -64.297758
87.907583 -63.354490
85.854380 -64.604670
87.011758 -64.003470
87.089477 -63.123314
86.818138 -63.369641
86.494356 -63.247132
87.325618 -64.062628
87.821046 -64.135903
87.610600 -63.871105
85.718521 -65.399230
87.832210 -65.679725
84.565016 -63.718948
178.022465 -130.510297
176.638283 -131.777319
179.183309 -130.853916
178.907502 -131.773101
178.343422 -130.096948
178.803568 -131.499912
177.132161 -132.806337
178.753654 -131.194905
177.383937 -132.431586
177.036326 -129.697088
177.072914 -132.330846
176.768926 -132.338225
179.517503 -132.311590
178.147610 -130.675094
178.404781 -131.605360
177.808273 -132.385144
179.025745 -132.247752
177.346636 -129.502792
175.880579 -130.888228
178.478527 -131.713708
179.786853 -130.326337
178.751120 -132.297570
176.799096 -131.430837
176.625966 -129.880687
179.338100 -132.948192
178.630878 -131.131913
180.134435 -131.377363
176.580630 -132.868672
177.009715 -129.804755
178.449193 -131.391716
178.019232 -132.499285
177.602933 -132.356961
176.515000 -129.524788
178.725642 -131.122741
176.874501 -132.170937
177.186638 -131.853586
176.970648 -130.189495
177.644859 -133.019288
176.529703 -130.773169
178.069007 -130.372151
177.237057 -133.363154
178.020309 -132.449826
178.527037 -130.247971
179.489813 -131.628937
179.135814 -132.452719
178.437245 -130.521890
176.680538 -132.373519
176.778496 -130.436426
177.807516 -130.562220
180.106776 -131.264679
68.002769 -1.939755
67.730031 -0.513213
66.492036 -1.597394
68.878431 -1.445037
66.623407 -2.449422
68.018937 -2.368010
67.029395 -0.943511
67.994290 -0.012916
67.834668 0.388595
67.914360 -2.316106
67.302263 -1.064784
66.109981 -2.945057
68.229230 -1.921979
66.892236 -2.213461
67.202053 -1.621244
66.321682 -2.915585
66.429371 -0.751766
68.299511 -3.301181
66.867880 -0.769330
67.128587 -0.889494
66.990859 -1.535590
66.082492 -0.207549
67.477946 -1.167913
63.877245 -0.676318
66.743122 -2.195819
68.801806 -0.228205
67.869620 -0.760272
66.219059 -1.565340
66.102801 0.879855
68.392323 -3.496176
67.327470 -0.649633
66.420920 -2.711125
65.451939 -0.282371
67.237179 -1.529260
66.963172 -2.301541
66.703607 -1.794501
67.998919 -1.261707
66.962818 -2.174152
67.323715 0.144315
66.655203 -1.905007
67.364849 -0.724514
67.831226 -2.143802
68.068131 0.122104
66.687283 -0.360599
66.001575 -2.742857
64.641683 -0.236281
67.400392 -3.394718
68.884810 -2.632040
66.147546 -2.044447
68.125889 -0.474956
-21.929642 182.688462
-22.263013 181.908072
-21.878685 181.829284
-21.842858 180.517543
-20.395295 180.682330
-23.274260 181.810286
-22.421642 181.699824
-20.663962 180.010203
-20.250760 182.143775
-18.461912 181.775574
-19.537366 179.421155
-23.163763 182.090181
-22.049642 179.985246
-20.554948 181.671945
-19.045971 182.107612
-20.757969 180.137535
-20.154128 179.559008
-20.250498 181.867985
-21.687698 181.651417
-21.504753 180.571722
-20.049132 182.232269
-19.963728 182.145808
-19.767958 182.906323
-20.447567 180.727756
-21.007811 181.730130
-23.529862 181.560979
-21.721433 182.480016
-21.470672 179.915563
-20.373181 181.060839
-22.013812 180.482379
-20.222626 181.651341
-21.209758 181.895240
-20.266881 182.193956
-21.295705 182.799385
-21.673894 180.811557
-19.028298 182.269476
-21.109562 182.244926
-21.071091 180.467822
-18.419989 181.328072
-21.081489 181.531009
-20.084308 182.007943
-20.728163 181.527799
-22.352745 181.567426
-23.345020 182.574871
-21.350125 182.004045
-20.740768 180.995112
-21.348313 180.374018
-21.595858 182.320047
-21.072040 183.349209
-21.213147 180.561938
97.810079 -132.693966
97.876766 -133.754897
98.285757 -132.712037
95.729947 -132.327174
97.621716 -133.556255
98.777636 -134.369745
97.932050 -133.046356
99.139658 -130.006154
99.990087 -133.261630
96.562972 -131.816957
96.928719 -133.924067
98.155795 -132.553605
97.629653 -132.921014
99.262406 -133.686185
98.360085 -133.979308
98.468979 -133.237544
97.338405 -133.803069
97.211113 -132.768999
96.968576 -133.057798
98.984692 -133.904498
97.674893 -130.966297
96.074677 -134.269851
97.391348 -134.036506
97.407957 -134.252627
98.227490 -133.023028
97.257463 -133.009540
97.329167 -133.601343
96.148619 -132.832169
98.356918 -132.751031
95.275323 -132.543781
98.946672 -133.223961
95.756014 -134.277685
97.524055 -134.886080
97.659822 -132.475749
97.747371 -133.144750
97.763273 -133.463769
97.280617 -133.595597
96.648943 -133.042756
97.689715 -133.538328
97.165857 -135.015936
97.488188 -133.177122
98.085858 -132.835116
99.476940 -133.570720
98.087093 -132.594549
98.710389 -131.662356
96.346087 -132.789360
97.430463 -134.255923
97.569088 -134.029587
96.757440 -133.379542
98.474212 -134.647505
115.014288 134.012719
115.976251 132.972514
115.423101 134.514531
116.112696 133.228501
116.895325 132.769893
117.145307 132.403243
115.827615 132.306203
115.282389 132.554142
116.106888 133.957419
115.282910 132.149276
114.953456 133.262797
115.062396 133.626771
115.166342 131.024872
115.963575 133.189255
114.998077 133.345970
115.904685 131.359305
114.867862 131.658167
117.428468 133.838559
116.791731 133.212875
115.530458 132.071787
115.816893 132.881772
117.358035 133.057321
115.715293 132.263488
116.129157 131.987747
114.701619 131.445686
116.362088 133.361093
115.133299 132.558502
116.529092 135.031989
115.860170 133.457162
116.300692 132.828191
115.441467 130.878986
115.399176 132.476780
116.133628 132.977064
115.860086 134.283412
116.314698 132.323101
114.905792 133.033444
115.223874 133.556210
116.620713 132.594617
117.214771 132.383328
117.453839 132.612986
115.851519 132.723867
116.771692 133.398499
116.071141 133.970573
118.442438 132.611716
117.161682 133.371831
118.028961 132.309441
116.374706 131.681531
115.150981 131.745600
116.120434 134.287268
116.095152 132.265320
5.647169 -190.766115
5.588731 -191.365977
4.533646 -191.626275
5.886859 -190.939572
5.901170 -190.013904
5.763831 -192.716886
4.197335 -192.536011
7.196319 -191.769789
7.068371 -189.145846
7.487914 -190.768408
3.775272 -190.782948
5.014685 -191.946861
3.089348 -190.369265
5.106205 -191.504521
4.018858 -191.312119
5.227320 -190.161898
6.195647 -190.548737
4.710508 -190.260155
6.313522 -189.936313
8.592133 -190.875099
6.640103 -190.928922
4.366683 -191.591329
6.082676 -191.282661
5.786877 -188.692267
7.474781 -189.913445
5.701714 -191.308253
4.712135 -189.117232
5.216303 -191.803203
5.826236 -191.171548
6.510249 -191.445730
6.041511 -190.942884
6.704765 -190.254181
3.838509 -190.239181
4.123350 -190.160984
4.888794 -189.808840
5.244697 -191.387518
5.528249 -190.505709
3.307613 -191.283467
5.577104 -191.326514
5.009459 -191.518231
5.655527 -192.460521
5.860936 -191.362929
4.884480 -191.864223
4.871478 -190.470827
5.852641 -190.494839
5.979628 -190.530788
5.219677 -191.533328
4.183455 -190.266582
5.175030 -190.481521
4.286598 -190.796231
143.087395 116.730131
141.718228 119.206417
143.685627 115.236022
142.936097 118.372933
143.290383 117.096739
142.711598 115.829715
143.034414 117.875351
141.386936 117.048294
143.632374 115.155222
141.690836 117.032780
140.975326 117.204835
143.412093 116.530410
141.902602 116.743661
144.088611 116.331426
143.286982 117.369325
143.264367 118.502271
143.729535 116.223878
143.166055 115.214188
143.000213 118.886299
142.585653 115.273507
144.679319 116.266837
142.875434 116.234988
142.374298 117.004807
143.413030 116.606289
143.577522 118.911873
142.926138 117.310810
142.850155 117.652916
142.550246 117.921307
144.106038 117.172132
141.894158 116.583648
142.600083 117.273987
143.415115 117.093327
143.346740 116.230798
142.692395 116.768677
142.194508 116.805812
143.307285 116.106598
142.740031 116.722764
143.866027 118.200429
142.090107 117.973345
143.268143 116.196123
142.925918 116.212622
142.323049 116.358524
143.372175 116.806526
141.817992 117.343591
143.635944 115.988791
141.373598 116.321186
142.858719 118.183402
142.583707 115.076708
141.755801 117.195989
144.437906 117.364370
-178.316643 144.909918
-177.525424 146.884240
-177.986450 146.101022
-177.037102 146.330831
-176.671349 146.654614
-177.707063 146.457738
-178.384432 148.306798
-178.988566 146.425407
-178.371221 146.479274
-177.328900 147.218613
-178.881466 146.078083
-177.014627 146.249105
-177.134518 146.681559
-180.212364 147.453344
-177.352851 145.280215
-179.440116 148.386976
-176.230303 146.960990
-179.033916 146.084062
-178.428486 146.141951
-177.490644 146.760097
-177.385651 144.097693
-177.255019 145.466935
-177.482883 147.296207
-176.801283 146.134573
-177.366723 144.938972
-177.769771 145.389358
-179.246351 147.561344
-178.011362 146.380139
-177.596611 144.779874
-176.962916 145.558599
-177.082809 144.931529
-178.830731 146.876645
-176.684262 147.871747
-177.317136 146.650491
-177.614760 146.078290
-179.097252 147.280014
-177.455635 147.034853
-177.742220 148.340376
-178.101674 147.382868
-177.984361 144.833698
-177.115807 146.576075
-178.917752 144.632845
-176.938850 146.514128
-176.938722 145.094013
-175.554567 147.382605
-178.689368 146.845534
-178.119912 147.528611
-177.152253 145.179080
-177.786604 146.517221
-178.554002 145.377659
42.054686 -27.617323
42.140380 -26.962041
41.585930 -28.642538
42.144512 -27.485868
42.326279 -28.644852
40.378933 -26.219101
42.860749 -29.487898
42.330846 -26.241749
41.671855 -28.424452
40.899473 -27.700261
41.367954 -26.991240
39.319743 -26.712803
40.791567 -28.182074
42.855470 -29.043415
41.649760 -27.314755
41.098921 -28.944432
42.133444 -25.885940
41.589934 -27.590055
40.830319 -27.745117
41.871676 -26.614230
40.429773 -26.663072
41.459652 -26.725668
42.642613 -27.133258
42.129412 -27.246920
39.511452 -25.261443
41.237717 -27.431306
41.281735 -26.529863
43.009622 -27.567751
40.881900 -27.250055
41.803521 -26.250076
41.219564 -27.070473
42.441513 -28.465609
40.400458 -27.618594
42.189890 -28.484979
42.269366 -27.997350
41.290436 -27.435038
41.827267 -27.082320
40.315012 -28.491067
41.147174 -28.574133
42.032132 -27.855429
41.490448 -27.618360
39.322276 -27.440585
43.357481 -28.650919
43.033564 -28.524745
41.549124 -28.718159
41.597809 -27.463533
39.318089 -27.811465
42.820776 -28.785885
40.457015 -27.582072
41.172226 -27.750740
160.017482 -113.809868
160.780560 -115.321322
160.820604 -114.921872
159.098988 -115.124115
158.256213 -115.136046
158.117171 -113.759460
161.375060 -114.528969
160.865161 -114.661363
160.261483 -114.346867
160.761627 -114.173526
159.208419 -116.117681
160.451398 -115.543735
161.242737 -116.164564
159.052431 -114.735842
158.791174 -114.766927
158.234064 -114.437376
159.053371 -115.004293
160.104376 -114.534241
159.643279 -113.618694
159.105551 -113.403921
158.015674 -115.912228
158.659757 -115.214239
160.310863 -114.344818
159.893213 -115.328575
157.852091 -115.584391
159.986819 -114.267178
160.102232 -113.371461
161.376489 -113.156386
159.888420 -115.417461
159.302384 -112.525730
159.842558 -115.663242
158.406536 -114.097949
158.371001 -115.333584
160.557336 -116.616402
158.813310 -116.091632
160.357454 -113.573753
160.560450 -116.787069
160.683272 -115.028255
159.167565 -114.368785
159.584430 -115.854408
160.960941 -115.015421
159.686178 -115.983178
160.412258 -114.179241
159.299786 -115.435006
160.271841 -113.793878
157.874760 -114.057460
158.227143 -113.876567
160.326565 -114.351947
158.359066 -114.611595
159.505605 -116.961804
177.433931 -8.040249
176.389648 -9.241422
176.119117 -9.028110
178.079072 -7.502409
177.113143 -9.041866
178.381210 -5.920919
176.862241 -8.245308
176.831084 -9.363247
175.943746 -10.265699
176.575261 -9.397559
174.354906 -7.688636
176.387477 -7.837247
176.325417 -7.862503
176.170936 -8.531964
175.640113 -10.425077
174.595609 -9.120907
175.789315 -8.320435
177.780652 -9.415919
175.087100 -7.598304
177.393404 -7.400784
176.648708 -9.593722
176.655391 -9.370654
176.698000 -9.809253
177.375556 -9.443162
177.002279 -9.241787
178.036105 -9.221664
176.265848 -8.779704
177.712258 -9.285021
177.082826 -8.201608
177.362149 -8.975566
176.664464 -7.653219
176.965490 -8.283865
176.141028 -8.078596
176.462977 -8.764677
175.459572 -8.509038
178.290036 -9.685972
175.887511 -8.362861
176.612937 -9.010815
176.071561 -8.593535
176.106126 -10.421701
177.087623 -8.783750
175.202601 -9.461059
174.939754 -7.114106
176.189208 -8.336987
176.683785 -9.237890
176.768726 -8.218473
178.010608 -7.646634
176.795397 -9.133671
176.030139 -8.319583
176.381652 -7.553419
27.208697 -47.238223
26.618408 -47.286921
25.107554 -48.814562
26.949901 -48.591979
27.461673 -48.572893
26.317748 -50.339463
25.393049 -49.440073
25.324875 -48.340305
26.704174 -47.044664
25.244448 -49.413906
26.254562 -48.614904
28.014525 -47.105783
26.269375 -49.140989
26.620085 -48.756114
26.506395 -48.843123
26.472038 -49.885888
26.466165 -46.822554
25.041356 -49.025309
26.905601 -47.212382
24.738452 -48.539174
26.243883 -47.576486
26.035124 -48.000493
26.995846 -48.632235
26.153036 -49.598312
26.964034 -47.508766
26.519062 -46.389166
25.697223 -47.528864
25.469929 -47.897080
27.838967 -50.345218
28.213206 -47.118464
27.627683 -47.899056
27.287947 -49.475227
27.601712 -48.855938
27.158960 -48.811134
25.426445 -49.055495
26.324030 -47.592789
26.109643 -50.281263
26.306156 -48.731572
26.797135 -47.253514
25.905992 -48.818308
26.730009 -49.658938
25.499135 -48.835756
27.150795 -50.502731
28.210979 -50.091417
28.124870 -49.597661
25.290004 -47.941753
27.202985 -49.131096
26.607349 -49.973795
24.272468 -48.248080
24.617212 -48.052689
8.019854 112.708474
8.715326 112.397186
6.967038 113.360100
6.393453 112.769161
7.598611 113.191426
7.017206 112.092527
7.910079 112.994422
7.230328 114.503657
6.427568 113.296111
7.059050 112.650054
8.522796 113.749751
8.682562 113.909396
6.379783 114.964463
8.784128 113.158381
8.426174 113.913937
5.343447 112.824879
7.765833 114.263234
8.217300 113.699343
7.888849 113.787612
7.336340 114.571118
7.546082 113.931636
7.255565 112.144525
6.689699 114.221786
7.344411 115.837053
5.814311 113.512470
7.899979 113.619207
6.465079 113.521389
7.944648 112.866033
6.778712 112.881162
5.821504 113.327793
7.272215 113.177700
7.935073 114.721677
8.775555 113.475694
8.706445 112.350258
8.787264 111.224574
8.950511 115.009539
6.028368 113.445706
8.499259 114.766544
6.147035 114.500499
8.627936 114.174702
5.959745 113.553758
7.402970 113.631888
6.978803 113.433071
6.209914 112.307394
8.978782 114.166892
6.362348 113.523491
7.979653 115.259847
7.033567 114.498323
8.638649 114.396766
8.680953 113.161430
-167.313710 -29.250996
-167.979126 -27.399387
-167.494930 -28.471657
-165.396446 -27.821114
-167.215954 -30.148562
-167.611619 -28.018499
-168.685251 -28.248567
-168.030972 -27.601136
-168.051661 -27.139138
-167.931183 -27.816491
-169.243077 -26.577928
-167.179315 -28.133434
-168.966411 -28.905021
-167.162913 -28.185378
-167.454007 -28.385707
-169.155419 -27.555006
-169.749570 -26.464708
-166.687460 -28.854199
-167.100852 -28.277245
-170.000599 -29.183575
-168.267539 -28.800293
-170.064039 -29.246056
-167.527952 -27.472304
-166.988967 -28.434618
-168.395974 -27.472336
-167.924998 -27.384092
-166.463768 -27.030162
-166.827796 -29.066048
-168.584429 -28.193063
-168.534828 -26.394456
-169.301903 -26.737148
-168.756884 -26.939370
-168.633694 -26.454746
-167.451157 -27.584224
-170.173447 -25.237705
-168.941383 -30.726012
-167.050534 -29.321411
-166.034891 -28.795506
-167.424720 -28.907896
-167.433879 -28.498788
-168.506408 -29.709476
-168.816724 -29.263201
-166.134445 -27.745048
-167.736371 -27.018347
-166.523940 -29.159295
-168.501148 -29.257003
-167.181709 -27.845743
-168.991525 -28.755106
-166.954726 -27.274013
-167.703694 -29.005183
94.727961 129.876645
93.560057 128.914679
92.315265 129.854857
95.003968 129.064027
93.648698 128.722877
93.298729 130.292726
93.028690 131.008604
95.349416 128.788421
95.684357 128.224621
95.528866 129.335412
91.636440 129.599083
94.560789 128.362981
93.957778 128.166252
94.127363 129.734530
95.120727 127.510398
93.094140 128.212853
94.751984 128.552223
95.828711 128.791496
94.490141 129.566726
93.699396 127.753922
94.855835 129.245482
94.344587 130.045037
95.004041 128.847832
94.373228 127.097314
94.346369 129.230067
94.490983 129.807199
93.102654 128.822245
93.649453 129.007166
93.050088 128.917131
95.466235 130.124556
96.444273 128.865663
92.096286 129.498887
93.772500 130.380822
94.087931 129.713638
93.688377 127.943447
94.825709 129.479923
94.170726 128.722949
92.895903 127.877558
92.962414 127.461119
93.738686 131.336025
94.265013 127.870799
94.444221 131.108233
94.636212 128.129181
93.538179 129.188490
93.753895 128.886366
94.455955 128.937676
93.133107 132.250248
93.487168 129.188676
91.410938 127.892039
94.515848 129.643551
