80
0 40 70 69 71 79 59 90 34 13 3 66 51 64 29 79 24 14 73 38 48 63 18 40 55 52 51 71 59 84 14 38 50 27 59 92 14 64 55 30 68 39 50 68 30 58 57 57 58 74 43 12 41 75 41 58 65 63 28 59 65 83 31 74 29 40 95 36 41 56 81 55 31 52 46 55 89 21 77 62
40 0 86 59 32 9 40 32 40 34 25 68 51 48 45 74 85 58 58 60 17 51 50 45 92 70 61 55 45 66 91 43 29 52 82 33 71 46 63 57 87 84 51 29 74 35 68 57 53 46 40 30 57 59 52 53 45 47 45 87 61 21 36 67 23 60 44 57 45 22 44 62 36 60 16 43 28 89 42 56
70 86 0 3 50 23 74 72 55 34 74 63 52 27 64 41 91 35 60 62 46 73 12 36 17 38 61 51 46 18 50 47 55 43 57 44 57 50 79 39 71 50 47 66 56 61 35 34 11 56 34 23 19 42 47 38 23 25 85 47 95 55 29 51 89 81 18 27 47 87 39 38 37 68 25 90 66 54 76 57
69 59 3 0 32 85 50 62 44 40 56 65 60 67 58 6 77 56 34 30 80 54 31 48 59 24 74 74 45 42 43 56 16 49 28 51 62 46 55 66 26 60 79 53 69 52 77 43 45 60 65 69 37 60 15 17 51 76 74 61 32 41 58 75 66 43 55 59 24 59 86 24 32 53 63 52 29 46 72 60
71 32 50 32 0 42 23 40 31 31 73 18 54 26 59 35 68 32 9 42 25 25 87 56 39 60 67 90 26 88 55 26 47 73 48 93 63 45 20 72 67 36 75 73 37 74 75 75 47 9 23 26 45 31 61 61 40 32 40 76 62 73 47 83 48 60 25 48 39 53 12 47 13 45 48 78 75 83 33 39
79 9 23 85 42 0 48 58 34 24 67 57 19 82 46 49 47 81 86 51 46 59 36 45 31 30 59 29 46 48 37 70 49 37 47 83 57 49 61 92 72 61 61 61 49 21 17 84 76 85 34 25 28 32 79 40 35 74 63 41 68 78 60 45 25 70 27 50 58 68 54 82 38 60 85 34 7 72 87 46
59 40 74 50 23 48 0 54 34 37 37 61 18 40 42 48 43 43 24 24 67 57 28 28 31 74 96 39 60 33 5 50 43 49 11 33 90 35 63 67 22 36 68 93 15 56 30 64 12 54 70 38 54 80 24 22 43 73 49 65 77 85 64 42 67 54 28 26 41 12 38 44 60 66 49 92 33 46 49 49
90 32 72 62 40 58 54 0 32 46 47 27 39 74 69 45 39 19 11 32 8 74 50 64 77 46 65 6 38 52 36 52 69 63 84 56 46 73 96 32 36 77 39 81 37 58 54 48 60 21 47 81 70 4 35 73 59 51 37 85 70 49 56 48 33 55 66 69 43 6 33 57 57 47 30 43 32 88 30 79
34 40 55 44 31 34 34 32 0 44 27 52 59 21 47 73 22 80 43 19 48 63 58 11 86 65 37 48 63 42 51 54 45 59 53 59 50 45 29 37 64 85 35 81 37 38 49 49 69 23 49 94 57 27 17 54 42 68 30 40 45 76 59 16 10 34 47 36 42 34 14 59 61 62 73 27 49 63 65 28
13 34 34 40 31 24 37 46 44 0 72 58 44 71 23 61 88 30 78 48 28 43 45 39 38 72 61 42 83 37 66 66 31 61 45 36 17 49 23 47 11 51 52 50 46 58 47 51 43 54 27 26 58 82 41 49 57 43 80 29 63 51 32 68 42 78 16 67 26 41 56 56 54 30 28 60 58 68 29 48
3 25 74 56 73 67 37 47 27 72 0 51 77 18 64 69 32 41 72 15 43 39 58 77 33 59 80 48 67 46 15 46 26 44 41 35 46 48 80 44 50 75 59 55 9 10 53 58 35 41 15 65 46 56 19 60 91 65 34 70 76 15 34 46 69 34 29 75 84 55 33 69 30 69 36 51 37 56 8 74
66 68 63 65 18 57 61 27 52 58 51 0 62 17 34 49 30 91 72 88 55 46 36 65 44 38 49 64 64 86 48 32 60 52 38 47 60 45 48 26 53 45 26 55 82 77 35 31 18 44 46 60 42 58 41 17 60 70 62 46 36 68 35 50 5 59 57 54 39 50 49 27 47 30 41 55 29 44 24 61
51 51 52 60 54 19 18 39 59 44 77 62 0 57 19 86 61 36 45 42 45 66 39 44 49 41 48 51 37 11 62 44 38 39 35 60 39 78 34 34 14 37 38 45 59 90 32 69 35 73 83 19 35 63 35 50 47 85 13 61 63 24 76 9 84 30 39 35 47 5 23 30 32 62 61 52 41 37 85 31
64 48 27 67 26 82 40 74 21 71 18 17 57 0 56 10 32 9 52 29 39 36 35 50 30 32 42 66 86 64 21 20 17 24 30 59 73 56 13 45 66 43 52 45 60 63 44 34 50 49 67 49 39 70 40 12 33 13 62 20 60 41 2 41 47 59 32 68 39 65 35 62 32 71 58 74 76 62 86 47
29 45 64 58 59 46 42 69 47 23 64 34 19 56 0 51 81 58 89 49 50 37 46 48 34 33 69 87 55 26 90 39 85 81 37 26 55 29 48 28 28 44 32 88 46 53 40 45 59 74 46 87 46 33 53 38 80 9 47 94 44 80 79 27 27 77 22 45 54 46 59 51 66 26 50 22 56 21 74 69
79 74 41 6 35 49 48 45 73 61 69 49 86 10 51 0 30 21 19 62 72 9 74 22 37 40 37 47 21 57 71 42 78 80 35 38 79 43 39 21 53 49 36 63 55 53 34 77 67 19 53 74 66 64 47 48 63 40 10 39 57 44 32 75 76 24 62 13 39 8 58 68 91 35 72 75 25 53 92 63
24 85 91 77 68 47 43 39 22 88 32 30 61 32 81 30 0 54 59 30 44 47 49 60 67 67 34 54 40 49 39 5 19 85 97 38 56 73 32 52 35 31 62 75 39 84 84 57 26 52 38 29 62 49 56 21 49 51 53 81 44 74 3 85 9 35 31 31 28 16 83 72 74 51 87 53 87 11 60 15
14 58 35 56 32 81 43 19 80 30 41 91 36 9 58 21 54 0 47 31 70 66 17 52 65 52 70 39 49 48 31 63 59 78 48 33 57 65 55 60 78 59 39 25 51 40 44 39 44 47 77 30 82 74 64 28 25 55 70 49 70 64 57 38 65 61 67 55 34 27 87 49 45 48 38 78 48 48 44 73
73 58 60 34 9 86 24 11 43 78 72 72 45 52 89 19 59 47 0 28 60 46 37 37 49 45 82 59 77 63 32 22 66 38 32 73 57 71 48 33 91 50 20 97 36 53 74 37 79 52 46 39 82 72 43 11 47 31 59 42 23 86 64 57 47 12 57 33 82 40 66 47 54 15 71 41 48 43 66 70
38 60 62 30 42 51 24 32 19 48 15 88 42 29 49 62 30 31 28 0 52 49 3 30 66 57 61 47 67 12 58 43 60 44 47 50 43 60 83 61 51 57 17 54 68 24 83 55 65 72 47 58 58 35 28 73 65 50 43 93 14 39 66 15 43 50 53 64 79 63 63 15 47 75 6 46 38 20 44 3
48 17 46 80 25 46 67 8 48 28 43 55 45 39 50 72 44 70 60 52 0 48 50 53 77 74 64 37 60 37 53 65 75 77 66 67 35 75 8 67 24 41 48 66 50 38 41 39 89 60 19 23 58 45 81 59 46 84 48 57 45 64 54 2 77 84 55 70 78 60 17 31 48 67 39 79 36 50 58 67
63 51 73 54 25 59 57 74 63 43 39 46 66 36 37 9 47 66 46 49 48 0 34 10 9 46 71 48 53 66 3 17 70 38 33 54 60 36 46 83 22 50 25 54 34 68 37 42 46 65 74 82 50 70 17 27 87 94 68 76 10 43 26 47 36 59 41 57 63 61 24 21 42 13 52 60 37 52 6 62
18 50 12 31 87 36 28 50 58 45 58 36 39 35 46 74 49 17 37 3 50 34 0 56 18 28 50 47 51 71 59 66 40 63 61 72 58 42 65 66 66 46 86 30 69 72 89 40 69 20 65 39 61 30 87 45 28 47 52 8 90 28 58 65 59 54 60 68 80 51 77 26 51 81 16 63 28 32 65 76
40 45 36 48 56 45 28 64 11 39 77 65 44 50 48 22 60 52 37 30 53 10 56 0 21 51 37 51 82 50 19 59 41 54 25 85 42 53 43 49 53 59 80 24 78 30 73 40 30 48 22 48 55 46 67 17 30 76 2 76 33 50 49 32 35 42 37 62 58 92 52 60 73 10 67 61 72 77 60 18
55 92 17 59 39 31 31 77 86 38 33 44 49 30 34 37 67 65 49 66 77 9 18 21 0 88 55 45 20 78 38 55 61 61 41 46 50 72 20 51 57 70 66 28 77 35 9 27 45 65 61 4 14 61 75 43 40 78 58 41 73 40 56 40 73 32 72 30 50 48 54 63 53 57 27 70 50 69 41 36
52 70 38 24 60 30 74 46 65 72 59 38 41 32 33 40 67 52 45 57 74 46 28 51 88 0 7 68 41 44 73 25 54 82 23 24 37 8 60 58 44 55 74 76 40 8 60 75 41 56 28 43 58 21 25 39 66 64 5 34 70 52 31 34 63 48 41 60 21 90 66 17 29 25 38 37 86 41 46 42
51 61 61 74 67 59 96 65 37 61 80 49 48 42 69 37 34 70 82 61 64 71 50 37 55 7 0 48 21 62 92 56 50 37 16 58 78 46 96 22 56 35 26 20 50 14 56 34 56 45 43 65 58 36 76 26 49 75 75 42 16 50 69 70 69 51 82 36 43 66 11 23 48 58 67 42 49 38 58 63
71 55 51 74 90 29 39 6 48 42 48 64 51 66 87 47 54 39 59 47 37 48 47 51 45 68 48 0 41 38 77 42 69 28 64 82 65 75 12 27 35 62 21 84 49 8 43 69 55 43 75 40 75 93 16 42 34 20 49 37 39 47 55 74 14 63 73 48 38 20 26 79 56 75 51 33 51 66 66 38
59 45 46 45 26 46 60 38 63 83 67 64 37 86 55 21 40 49 77 67 60 53 51 82 20 41 21 41 0 54 65 61 41 15 30 61 25 27 48 40 57 13 28 50 39 42 49 34 63 45 58 65 81 67 27 48 23 34 64 73 23 63 52 31 42 69 43 28 73 19 44 24 87 29 7 39 32 59 97 34
84 66 18 42 88 48 33 52 42 37 46 86 11 64 26 57 49 48 63 12 37 66 71 50 78 44 62 38 54 0 46 47 60 25 54 30 14 52 26 40 35 54 71 30 41 7 43 40 53 57 56 86 35 47 87 68 36 85 59 91 8 62 57 65 22 83 32 36 57 54 29 67 55 62 25 75 21 69 44 44
14 91 50 43 55 37 5 36 51 66 15 48 62 21 90 71 39 31 32 58 53 3 59 19 38 73 92 77 65 46 0 36 72 49 78 52 23 30 85 76 53 20 40 46 52 47 50 43 51 51 14 49 92 67 32 50 57 42 86 75 37 87 54 61 51 67 67 67 47 51 19 61 71 62 73 19 43 58 72 43
38 43 47 56 26 70 50 52 54 66 46 32 44 20 39 42 5 63 22 43 65 17 66 59 55 25 56 42 61 47 36 0 85 34 80 36 39 16 13 21 61 15 9 75 77 31 62 65 51 39 85 39 33 13 31 58 31 67 47 63 55 59 73 54 35 66 25 68 46 70 66 44 39 39 51 57 69 47 83 76
50 29 55 16 47 49 43 69 45 31 26 60 38 17 85 78 19 59 66 60 75 70 40 41 61 54 50 69 41 60 72 85 0 35 38 46 40 56 68 71 53 52 86 59 52 31 79 63 25 74 35 53 94 59 29 35 54 26 25 71 37 44 37 75 44 58 58 59 62 65 40 19 18 54 53 55 16 78 53 75
27 52 43 49 73 37 49 63 59 61 44 52 39 24 81 80 85 78 38 44 77 38 63 54 61 82 37 28 15 25 49 34 35 0 82 22 19 43 54 76 91 58 32 56 70 69 95 45 28 65 82 40 48 53 50 50 51 39 81 25 84 46 46 88 52 34 60 16 71 83 24 21 23 61 21 80 90 23 61 46
59 82 57 28 48 47 11 84 53 45 41 38 35 30 37 35 97 48 32 47 66 33 61 25 41 23 16 64 30 54 78 80 38 82 0 68 36 53 35 40 45 65 11 68 55 51 72 19 21 71 28 65 27 79 43 69 51 45 83 34 63 52 49 60 34 51 10 32 72 42 59 80 50 30 50 51 31 94 48 27
92 33 44 51 93 83 33 56 59 36 35 47 60 59 26 38 38 33 73 50 67 54 72 85 46 24 58 82 61 30 52 36 46 22 68 0 35 39 56 10 26 55 64 35 69 75 82 42 80 70 17 39 33 56 22 51 55 26 49 51 81 29 45 71 78 91 31 58 33 31 88 68 77 50 52 69 72 89 59 33
14 71 57 62 63 57 90 46 50 17 46 60 39 73 55 79 56 57 57 43 35 60 58 42 50 37 78 65 25 14 23 39 40 19 36 35 0 55 62 75 16 69 30 27 57 17 59 52 45 66 56 73 51 61 85 39 54 20 47 73 46 54 43 68 70 12 34 28 51 28 51 34 56 37 56 73 47 55 55 69
64 46 50 46 45 49 35 73 45 49 48 45 78 56 29 43 73 65 71 60 75 36 42 53 72 8 46 75 27 52 30 16 56 43 53 39 55 0 28 23 14 44 79 67 38 50 65 77 44 23 49 46 70 32 55 45 41 86 79 53 24 42 35 55 15 32 22 47 90 64 59 45 55 77 71 65 37 37 54 21
55 63 79 55 20 61 63 96 29 23 80 48 34 13 48 39 32 55 48 83 8 46 65 43 20 60 96 12 48 26 85 13 68 54 35 56 62 28 0 40 75 44 45 60 68 35 19 41 74 28 74 63 72 32 9 85 12 57 25 64 53 46 71 40 53 42 34 67 40 26 62 59 52 68 79 21 59 17 53 70
30 57 39 66 72 92 67 32 37 47 44 26 34 45 28 21 52 60 33 61 67 83 66 49 51 58 22 27 40 40 76 21 71 76 40 10 75 23 40 0 78 45 65 26 37 16 59 77 45 67 66 81 28 31 58 64 27 17 53 63 76 47 62 56 18 62 17 42 54 42 36 43 43 59 38 21 22 55 41 39
68 87 71 26 67 72 22 36 64 11 50 53 14 66 28 53 35 78 91 51 24 22 66 53 57 44 56 35 57 35 53 61 53 91 45 26 16 14 75 78 0 43 41 94 24 80 30 92 30 85 9 55 63 74 58 82 70 17 60 31 33 53 14 39 50 64 19 33 58 23 42 69 65 52 39 93 44 59 62 25
39 84 50 60 36 61 36 77 85 51 75 45 37 43 44 49 31 59 50 57 41 50 46 59 70 55 35 62 13 54 20 15 52 58 65 55 69 44 44 45 43 0 33 54 30 9 41 75 27 40 45 66 62 31 42 27 67 72 31 92 80 72 25 54 48 18 58 14 45 49 67 78 67 44 37 45 8 63 73 62
50 51 47 79 75 61 68 39 35 52 59 26 38 52 32 36 62 39 20 17 48 25 86 80 66 74 26 21 28 71 40 9 86 32 11 64 30 79 45 65 41 33 0 76 64 9 64 94 49 62 25 67 53 7 69 33 42 70 44 70 81 29 53 76 43 34 87 53 48 57 39 76 26 60 52 47 49 42 46 59
68 29 66 53 73 61 93 81 81 50 55 55 45 45 88 63 75 25 97 54 66 54 30 24 28 76 20 84 50 30 46 75 59 56 68 35 27 67 60 26 94 54 76 0 75 58 38 84 26 57 90 32 28 69 79 23 67 75 22 22 70 59 74 54 56 77 32 45 37 55 38 28 58 69 17 40 54 72 25 56
30 74 56 69 37 49 15 37 37 46 9 82 59 60 46 55 39 51 36 68 50 34 69 78 77 40 50 49 39 41 52 77 52 70 55 69 57 38 68 37 24 30 64 75 0 42 53 48 46 80 31 57 64 46 96 21 59 20 68 24 52 25 42 59 49 58 36 46 48 42 39 51 54 61 36 79 30 45 23 48
58 35 61 52 74 21 56 58 38 58 10 77 90 63 53 53 84 40 53 24 38 68 72 30 35 8 14 8 42 7 47 31 31 69 51 75 17 50 35 16 80 9 9 58 42 0 53 62 39 34 41 29 51 31 65 38 49 31 65 42 66 96 11 5 51 13 45 86 42 14 50 12 22 33 55 33 53 23 41 28
57 68 35 77 75 17 30 54 49 47 53 35 32 44 40 34 84 44 74 83 41 37 89 73 9 60 56 43 49 43 50 62 79 95 72 82 59 65 19 59 30 41 64 38 53 53 0 29 7 65 62 75 50 45 67 27 32 68 77 24 56 62 60 33 44 57 59 12 23 44 66 30 27 76 53 8 50 38 41 24
57 57 34 43 75 84 64 48 49 51 58 31 69 34 45 77 57 39 37 55 39 42 40 40 27 75 34 69 34 40 43 65 63 45 19 42 52 77 41 77 92 75 94 84 48 62 29 0 93 37 11 53 82 50 43 31 54 10 31 38 45 45 64 2 65 40 60 16 59 80 36 50 42 53 59 44 78 94 94 50
58 53 11 45 47 76 12 60 69 43 35 18 35 50 59 67 26 44 79 65 89 46 69 30 45 41 56 55 63 53 51 51 25 28 21 80 45 44 74 45 30 27 49 26 46 39 7 93 0 48 32 40 47 17 71 48 72 39 43 84 40 31 37 59 71 66 70 18 88 43 49 32 77 38 21 55 40 49 45 58
74 46 56 60 9 85 54 21 23 54 41 44 73 49 74 19 52 47 52 72 60 65 20 48 65 56 45 43 45 57 51 39 74 65 71 70 66 23 28 67 85 40 62 57 80 34 65 37 48 0 25 43 44 69 64 4 75 62 20 51 69 73 44 75 62 33 76 32 27 55 80 35 69 82 57 9 81 24 87 43
43 40 34 65 23 34 70 47 49 27 15 46 83 67 46 53 38 77 46 47 19 74 65 22 61 28 43 75 58 56 14 85 35 82 28 17 56 49 74 66 9 45 25 90 31 41 62 11 32 25 0 42 44 48 47 83 60 76 16 57 61 51 56 23 83 52 18 57 56 52 45 21 49 74 67 20 66 18 36 20
12 30 23 69 26 25 38 81 94 26 65 60 19 49 87 74 29 30 39 58 23 82 39 48 4 43 65 40 65 86 49 39 53 40 65 39 73 46 63 81 55 66 67 32 57 29 75 53 40 43 42 0 78 99 62 78 24 39 38 36 38 31 55 81 54 30 54 68 45 53 30 44 5 24 77 62 79 47 47 91
41 57 19 37 45 28 54 70 57 58 46 42 35 39 46 66 62 82 82 58 58 50 61 55 14 58 58 75 81 35 92 33 94 48 27 33 51 70 72 28 63 62 53 28 64 51 50 82 47 44 44 78 0 78 20 29 72 52 59 67 44 59 34 82 2 18 69 55 61 54 71 47 26 51 22 51 89 57 80 23
75 59 42 60 31 32 80 4 27 82 56 58 63 70 33 64 49 74 72 35 45 70 30 46 61 21 36 93 67 47 67 13 59 53 79 56 61 32 32 31 74 31 7 69 46 31 45 50 17 69 48 99 78 0 64 56 62 64 64 40 68 88 57 22 68 81 44 23 38 19 78 71 43 58 44 59 84 62 58 62
41 52 47 15 61 79 24 35 17 41 19 41 35 40 53 47 56 64 43 28 81 17 87 67 75 25 76 16 27 87 32 31 29 50 43 22 85 55 9 58 58 42 69 79 96 65 67 43 71 64 47 62 20 64 0 28 45 16 52 49 41 49 34 31 74 28 58 63 30 79 51 18 5 78 40 74 41 70 46 71
58 53 38 17 61 40 22 73 54 49 60 17 50 12 38 48 21 28 11 73 59 27 45 17 43 39 26 42 48 68 50 58 35 50 69 51 39 45 85 64 82 27 33 23 21 38 27 31 48 4 83 78 29 56 28 0 35 45 78 69 24 62 39 53 21 23 19 79 56 34 43 69 16 32 21 27 81 65 33 42
65 45 23 51 40 35 43 59 42 57 91 60 47 33 80 63 49 25 47 65 46 87 28 30 40 66 49 34 23 36 57 31 54 51 51 55 54 41 12 27 70 67 42 67 59 49 32 54 72 75 60 24 72 62 45 35 0 13 31 58 75 36 50 34 42 60 20 50 27 62 41 24 56 82 29 55 37 57 11 50
63 47 25 76 32 74 73 51 68 43 65 70 85 13 9 40 51 55 31 50 84 94 47 76 78 64 75 20 34 85 42 67 26 39 45 26 20 86 57 17 17 72 70 75 20 31 68 10 39 62 76 39 52 64 16 45 13 0 50 32 77 47 55 52 42 46 67 52 77 47 17 48 38 34 42 33 47 51 93 70
28 45 85 74 40 63 49 37 30 80 34 62 13 62 47 10 53 70 59 43 48 68 52 2 58 5 75 49 64 59 86 47 25 81 83 49 47 79 25 53 60 31 44 22 68 65 77 31 43 20 16 38 59 64 52 78 31 50 0 86 21 60 50 47 38 46 34 54 43 75 68 74 44 54 70 46 36 8 22 52
59 87 47 61 76 41 65 85 40 29 70 46 61 20 94 39 81 49 42 93 57 76 8 76 41 34 42 37 73 91 75 63 71 25 34 51 73 53 64 63 31 92 70 22 24 42 24 38 84 51 57 36 67 40 49 69 58 32 86 0 81 17 38 11 70 30 22 60 73 58 44 26 10 41 46 84 45 55 50 85
65 61 95 32 62 68 77 70 45 63 76 36 63 60 44 57 44 70 23 14 45 10 90 33 73 70 16 39 23 8 37 55 37 84 63 81 46 24 53 76 33 80 81 70 52 66 56 45 40 69 61 38 44 68 41 24 75 77 21 81 0 55 30 83 50 49 24 45 39 27 53 48 68 79 47 13 54 58 43 29
83 21 55 41 73 78 85 49 76 51 15 68 24 41 80 44 74 64 86 39 64 43 28 50 40 52 50 47 63 62 87 59 44 46 52 29 54 42 46 47 53 72 29 59 25 96 62 45 31 73 51 31 59 88 49 62 36 47 60 17 55 0 46 25 43 30 46 15 47 77 48 82 36 66 36 25 43 40 4 75
31 36 29 58 47 60 64 56 59 32 34 35 76 2 79 32 3 57 64 66 54 26 58 49 56 31 69 55 52 57 54 73 37 46 49 45 43 35 71 62 14 25 53 74 42 11 60 64 37 44 56 55 34 57 34 39 50 55 50 38 30 46 0 64 11 48 75 72 63 44 75 41 68 48 40 38 38 57 39 63
74 67 51 75 83 45 42 48 16 68 46 50 9 41 27 75 85 38 57 15 2 47 65 32 40 34 70 74 31 65 61 54 75 88 60 71 68 55 40 56 39 54 76 54 59 5 33 2 59 75 23 81 82 22 31 53 34 52 47 11 83 25 64 0 46 58 45 43 82 80 26 59 38 66 69 85 52 54 50 59
29 23 89 66 48 25 67 33 10 42 69 5 84 47 27 76 9 65 47 43 77 36 59 35 73 63 69 14 42 22 51 35 44 52 34 78 70 15 53 18 50 48 43 56 49 51 44 65 71 62 83 54 2 68 74 21 42 42 38 70 50 43 11 46 0 84 61 21 74 33 24 74 43 57 52 52 40 31 16 38
40 60 81 43 60 70 54 55 34 78 34 59 30 59 77 24 35 61 12 50 84 59 54 42 32 48 51 63 69 83 67 66 58 34 51 91 12 32 42 62 64 18 34 77 58 13 57 40 66 33 52 30 18 81 28 23 60 46 46 30 49 30 48 58 84 0 15 49 54 79 35 60 36 8 15 45 81 55 9 57
95 44 18 55 25 27 28 66 47 16 29 57 39 32 22 62 31 67 57 53 55 41 60 37 72 41 82 73 43 32 67 25 58 60 10 31 34 22 34 17 19 58 87 32 36 45 59 60 70 76 18 54 69 44 58 19 20 67 34 22 24 46 75 45 61 15 0 49 69 52 32 42 52 42 52 25 55 72 34 53
36 57 27 59 48 50 26 69 36 67 75 54 35 68 45 13 31 55 33 64 70 57 68 62 30 60 36 48 28 36 67 68 59 16 32 58 28 47 67 42 33 14 53 45 46 86 12 16 18 32 57 68 55 23 63 79 50 52 54 60 45 15 72 43 21 49 49 0 66 32 57 32 23 38 34 60 58 22 12 38
41 45 47 24 39 58 41 43 42 26 84 39 47 39 54 39 28 34 82 79 78 63 80 58 50 21 43 38 73 57 47 46 62 71 72 33 51 90 40 54 58 45 48 37 48 42 23 59 88 27 56 45 61 38 30 56 27 77 43 73 39 47 63 82 74 54 69 66 0 50 47 51 50 45 83 82 38 69 32 66
56 22 87 59 53 68 12 6 34 41 55 50 5 65 46 8 16 27 40 63 60 61 51 92 48 90 66 20 19 54 51 70 65 83 42 31 28 64 26 42 23 49 57 55 42 14 44 80 43 55 52 53 54 19 79 34 62 47 75 58 27 77 44 80 33 79 52 32 50 0 51 84 76 56 63 6 20 41 35 81
81 44 39 86 12 54 38 33 14 56 33 49 23 35 59 58 83 87 66 63 17 24 77 52 54 66 11 26 44 29 19 66 40 24 59 88 51 59 62 36 42 67 39 38 39 50 66 36 49 80 45 30 71 78 51 43 41 17 68 44 53 48 75 26 24 35 32 57 47 51 0 20 75 27 70 46 11 51 54 71
55 62 38 24 47 82 44 57 59 56 69 27 30 62 51 68 72 49 47 15 31 21 26 60 63 17 23 79 24 67 61 44 19 21 80 68 34 45 59 43 69 78 76 28 51 12 30 50 32 35 21 44 47 71 18 69 24 48 74 26 48 82 41 59 74 60 42 32 51 84 20 0 53 66 43 92 69 77 76 91
31 36 37 32 13 38 60 57 61 54 30 47 32 32 66 91 74 45 54 47 48 42 51 73 53 29 48 56 87 55 71 39 18 23 50 77 56 55 52 43 65 67 26 58 54 22 27 42 77 69 49 5 26 43 5 16 56 38 44 10 68 36 68 38 43 36 52 23 50 76 75 53 0 37 9 72 63 52 32 22
52 60 68 53 45 60 66 47 62 30 69 30 62 71 26 35 51 48 15 75 67 13 81 10 57 25 58 75 29 62 62 39 54 61 30 50 37 77 68 59 52 44 60 69 61 33 76 53 38 82 74 24 51 58 78 32 82 34 54 41 79 66 48 66 57 8 42 38 45 56 27 66 37 0 65 68 45 16 31 78
46 16 25 63 48 85 49 30 73 28 36 41 61 58 50 72 87 38 71 6 39 52 16 67 27 38 67 51 7 25 73 51 53 21 50 52 56 71 79 38 39 37 52 17 36 55 53 59 21 57 67 77 22 44 40 21 29 42 70 46 47 36 40 69 52 15 52 34 83 63 70 43 9 65 0 19 21 56 47 26
55 43 90 52 78 34 92 43 27 60 51 55 52 74 22 75 53 78 41 46 79 60 63 61 70 37 42 33 39 75 19 57 55 80 51 69 73 65 21 21 93 45 47 40 79 33 8 44 55 9 20 62 51 59 74 27 55 33 46 84 13 25 38 85 52 45 25 60 82 6 46 92 72 68 19 0 49 24 76 19
89 28 66 29 75 7 33 32 49 58 37 29 41 76 56 25 87 48 48 38 36 37 28 72 50 86 49 51 32 21 43 69 16 90 31 72 47 37 59 22 44 8 49 54 30 53 50 78 40 81 66 79 89 84 41 81 37 47 36 45 54 43 38 52 40 81 55 58 38 20 11 69 63 45 21 49 0 24 57 58
21 89 54 46 83 72 46 88 63 68 56 44 37 62 21 53 11 48 43 20 50 52 32 77 69 41 38 66 59 69 58 47 78 23 94 89 55 37 17 55 59 63 42 72 45 23 38 94 49 24 18 47 57 62 70 65 57 51 8 55 58 40 57 54 31 55 72 22 69 41 51 77 52 16 56 24 24 0 19 53
77 42 76 72 33 87 49 30 65 29 8 24 85 86 74 92 60 44 66 44 58 6 65 60 41 46 58 66 97 44 72 83 53 61 48 59 55 54 53 41 62 73 46 25 23 41 41 94 45 87 36 47 80 58 46 33 11 93 22 50 43 4 39 50 16 9 34 12 32 35 54 76 32 31 47 76 57 19 0 58
62 56 57 60 39 46 49 79 28 48 74 61 31 47 69 63 15 73 70 3 67 62 76 18 36 42 63 38 34 44 43 76 75 46 27 33 69 21 70 39 25 62 59 56 48 28 24 50 58 43 20 91 23 62 71 42 50 70 52 85 29 75 63 59 38 57 53 38 66 81 71 91 22 78 26 19 58 53 58 0

0 28 81 83 40 29 50 36 41 45 44 81 7 61 61 78 61 55 42 76 14 74 7 53 39 57 37 22 53 41 43 80 55 55 25 68 19 45 54 36 29 75 92 38 80 70 28 47 29 63 38 40 39 31 60 37 36 58 41 62 77 21 41 37 45 48 27 41 16 56 26 89 42 39 21 45 50 29 29 41
28 0 63 61 13 19 77 17 46 76 56 47 71 69 30 61 26 50 50 42 59 57 61 74 67 47 52 96 70 55 40 71 37 61 55 43 19 29 53 71 37 46 70 53 55 37 78 56 21 14 6 62 65 59 51 26 35 36 53 75 74 72 67 89 75 27 21 87 81 80 82 38 56 59 33 58 21 36 30 79
81 63 0 49 50 41 30 12 49 88 51 62 16 61 28 17 13 38 13 85 61 52 62 65 46 68 35 63 38 65 47 40 56 34 45 30 13 36 32 2 56 38 41 19 34 42 45 45 54 52 90 34 60 37 60 36 78 60 36 64 56 34 45 22 15 41 58 28 84 65 59 74 30 82 28 72 30 93 58 74
83 61 49 0 37 50 48 55 42 57 72 28 40 38 71 38 37 45 91 53 29 18 53 60 74 90 26 60 41 61 88 91 36 52 93 46 45 50 90 71 42 38 63 36 23 43 58 68 38 77 91 45 73 76 15 50 30 34 70 41 15 70 43 18 50 63 44 63 49 56 57 59 46 7 75 43 68 70 39 51
40 13 50 37 0 17 75 49 20 59 39 51 66 41 42 68 54 45 83 14 74 31 48 31 66 33 13 52 81 42 34 70 38 34 45 51 85 29 35 27 14 52 57 48 28 41 36 47 32 28 89 45 57 50 42 43 34 44 49 28 28 59 51 39 91 40 55 56 65 33 51 46 54 90 62 52 86 36 16 36
29 19 41 50 17 0 75 58 32 75 49 22 48 16 63 63 49 12 33 90 97 20 58 89 35 56 76 35 54 21 39 43 19 31 46 20 41 71 30 31 27 62 89 26 32 37 49 26 42 77 47 79 42 47 44 46 47 64 42 32 29 36 45 77 63 59 44 25 50 17 42 55 65 49 63 61 36 20 74 93
50 77 30 48 75 75 0 19 63 72 37 56 81 26 40 16 51 56 9 48 26 14 25 48 84 28 94 74 21 45 76 51 37 76 90 82 35 67 64 61 94 61 58 92 41 63 33 48 37 49 74 38 17 30 77 29 48 53 37 58 34 6 54 69 62 74 22 63 52 39 34 36 21 48 59 29 25 40 74 32
36 17 12 55 49 58 19 0 65 97 73 55 57 52 58 42 43 42 30 71 55 49 95 76 34 75 77 60 48 42 84 65 6 55 78 51 36 43 51 78 56 30 10 15 75 36 49 34 54 45 34 78 29 70 20 82 54 79 81 33 24 44 29 27 41 47 49 53 67 43 25 69 50 44 27 63 31 50 43 39
41 46 49 42 20 32 63 65 0 46 71 47 40 23 23 46 63 78 71 70 76 33 45 35 2 62 23 17 76 78 57 21 60 89 52 40 79 65 32 78 50 69 40 18 27 57 84 34 22 47 55 61 11 36 80 44 61 37 13 21 78 45 68 88 25 64 91 43 56 53 77 76 44 64 32 37 59 75 74 27
45 76 88 57 59 75 72 97 46 0 75 68 51 17 87 43 58 27 32 20 84 10 73 42 20 79 77 19 41 8 61 85 79 37 88 68 15 59 24 18 71 52 60 66 78 16 16 36 68 54 7 54 58 40 22 57 82 65 94 63 19 46 33 74 56 56 65 70 49 90 27 81 56 47 54 39 66 12 40 63
44 56 51 72 39 49 37 73 71 75 0 51 58 28 52 50 31 59 88 58 14 57 56 53 41 59 23 58 64 28 44 36 32 70 27 45 41 84 17 47 55 90 20 62 37 37 40 54 33 81 67 90 70 36 31 74 49 24 25 30 26 45 30 54 82 69 63 63 34 62 38 83 78 65 26 67 83 19 69 53
81 47 62 28 51 22 56 55 47 68 51 0 37 34 66 26 76 82 45 79 60 78 73 27 63 72 22 30 91 52 38 78 55 40 56 62 33 23 73 64 57 57 61 77 55 12 42 10 43 51 37 46 48 49 82 83 47 66 32 67 55 50 32 52 59 40 53 58 49 70 64 67 84 19 18 82 34 73 29 24
7 71 16 40 66 48 81 57 40 51 58 37 0 38 52 46 70 25 21 60 51 64 49 35 55 45 68 65 74 63 43 81 42 82 88 84 87 55 54 13 40 76 51 9 38 24 60 61 81 34 50 66 46 44 52 56 74 45 33 82 67 21 64 36 54 35 70 32 67 65 54 60 34 25 62 67 89 81 40 61
61 69 61 38 41 16 26 52 23 17 28 34 38 0 87 75 66 43 44 86 69 54 49 90 35 41 46 58 52 67 20 56 69 26 62 37 42 14 60 73 26 21 42 31 73 80 60 19 89 57 42 25 59 38 40 26 55 57 37 54 73 30 30 38 31 51 30 62 51 84 53 52 54 52 72 54 29 45 27 29
61 30 28 71 42 63 40 58 23 87 52 66 52 87 0 64 54 64 35 59 41 66 58 69 72 40 53 20 46 18 74 65 26 27 64 63 77 49 56 44 72 51 54 42 58 29 90 55 37 46 55 82 67 55 49 57 72 77 30 51 40 58 77 55 91 52 38 49 48 11 79 17 36 56 79 51 58 45 39 48
78 61 17 38 68 63 16 42 46 43 50 26 46 75 64 0 57 41 12 67 96 63 46 81 76 48 43 47 87 73 53 48 53 15 35 52 30 33 37 52 46 18 26 70 47 48 42 46 60 34 66 65 78 42 39 56 23 62 45 27 20 31 20 50 87 63 16 43 87 49 71 35 78 41 53 25 43 80 20 19
61 26 13 37 54 49 51 43 63 58 31 76 70 66 54 57 0 54 53 62 81 48 75 70 64 24 57 34 6 78 30 53 73 41 78 61 75 29 64 47 92 51 55 48 62 42 7 40 49 39 61 38 82 19 44 69 54 55 41 47 12 82 69 61 19 10 76 41 17 37 20 62 43 65 59 6 78 24 46 53
55 50 38 45 45 12 56 42 78 27 59 82 25 43 64 41 54 0 7 71 47 66 51 90 59 54 28 53 62 14 50 28 49 37 33 38 53 57 53 53 64 54 42 26 49 37 63 72 27 58 39 33 77 42 88 69 40 12 65 63 78 49 48 83 46 58 73 48 60 11 79 13 68 78 56 40 60 55 49 22
42 50 13 91 83 33 9 30 71 32 88 45 21 44 35 12 53 7 0 59 55 54 18 86 81 48 45 46 60 94 19 39 17 37 47 47 72 36 27 45 52 31 56 23 54 36 58 57 65 76 84 29 44 25 27 67 39 57 45 51 26 49 42 22 47 26 13 71 57 39 20 49 27 58 35 45 32 37 77 58
76 42 85 53 14 90 48 71 70 20 58 79 60 86 59 67 62 71 59 0 64 49 41 45 51 35 39 53 34 56 36 57 55 38 30 52 67 69 63 23 11 34 57 32 58 70 31 69 67 46 66 49 61 36 85 48 55 11 68 43 38 41 25 43 94 56 49 18 53 28 61 52 67 46 22 54 25 57 45 40
14 59 61 29 74 97 26 55 76 84 14 60 51 69 41 96 81 47 55 64 0 10 53 70 31 68 9 34 93 86 40 47 73 74 44 55 49 35 58 60 10 83 26 36 40 8 30 63 85 41 58 17 22 79 57 65 65 33 38 85 6 33 71 14 94 40 47 55 22 64 23 37 41 20 35 39 69 41 50 28
74 57 52 18 31 20 14 49 33 10 57 78 64 54 66 63 48 66 54 49 10 0 56 63 69 61 66 81 34 22 82 49 15 80 54 62 39 17 59 52 75 78 51 41 49 69 34 75 22 74 56 53 42 13 29 66 59 56 91 6 36 69 46 22 66 16 87 71 8 27 22 38 62 26 26 29 57 49 46 76
7 61 62 53 48 58 25 95 45 73 56 73 49 49 58 46 75 51 18 41 53 56 0 35 68 40 67 45 68 82 37 51 45 52 51 36 49 55 44 28 34 54 60 62 42 34 32 74 36 46 18 36 70 40 74 48 51 50 48 90 46 38 12 50 21 73 64 69 36 58 79 47 49 67 75 47 48 28 92 84
53 74 65 60 31 89 48 76 35 42 53 27 35 90 69 81 70 90 86 45 70 63 35 0 37 36 59 41 24 78 46 30 64 65 39 30 65 44 54 45 56 77 20 71 78 59 16 26 49 58 46 72 51 17 4 33 33 33 30 59 59 31 52 42 28 65 50 63 48 86 55 50 21 62 53 86 71 36 51 34
39 67 46 74 66 35 84 34 2 20 41 63 55 35 72 76 64 59 81 51 31 69 68 37 0 33 11 57 55 72 49 80 15 60 49 58 28 59 60 57 93 69 50 62 55 51 13 28 15 73 74 68 75 26 59 33 63 80 68 80 27 29 49 50 32 61 20 37 34 54 55 39 80 34 33 47 33 16 49 30
57 47 68 90 33 56 28 75 62 79 59 72 45 41 40 48 24 54 48 35 68 61 40 36 33 0 6 26 22 68 37 42 35 69 19 55 46 43 94 38 18 80 59 39 65 69 77 66 58 42 72 47 18 93 48 77 26 59 29 50 68 40 62 85 45 48 60 33 26 51 43 30 63 55 57 80 70 89 40 25
37 52 35 26 13 76 94 77 23 77 23 22 68 46 53 43 57 28 45 39 9 66 67 59 11 6 0 56 49 44 6 7 91 35 23 36 56 85 34 85 64 44 38 24 6 59 58 51 49 53 37 67 57 46 76 55 17 68 53 64 89 54 91 69 38 41 48 69 26 43 41 81 57 60 32 46 47 31 47 52
22 96 63 60 52 35 74 60 17 19 58 30 65 58 20 47 34 53 46 53 34 81 45 41 57 26 56 0 42 60 66 40 16 57 45 51 95 58 52 39 51 51 42 51 56 44 96 65 42 48 37 24 34 30 52 40 69 30 63 50 42 42 74 54 59 40 65 19 87 27 32 60 43 45 76 64 32 40 36 81
53 70 38 41 81 54 21 48 76 41 64 91 74 52 46 87 6 62 60 34 93 34 68 24 55 22 49 42 0 65 46 28 49 63 69 42 65 55 60 34 62 42 35 71 78 49 67 64 81 37 41 28 29 71 30 15 51 52 38 3 58 42 10 59 50 73 66 38 43 51 52 44 47 63 68 54 49 48 60 43
41 55 65 61 42 21 45 42 78 8 28 52 63 67 18 73 78 14 94 56 86 22 82 78 72 68 44 60 65 0 45 37 35 43 41 61 68 66 68 8 56 75 69 49 57 15 42 44 42 59 59 41 77 57 52 57 40 31 84 66 75 49 63 68 26 24 29 38 50 41 36 43 31 73 32 55 32 84 51 70
43 40 47 88 34 39 76 84 57 61 44 38 43 20 74 53 30 50 19 36 40 82 37 46 49 37 6 66 46 45 0 54 55 53 44 60 28 27 75 23 24 47 48 49 76 53 31 31 35 20 80 57 18 45 50 80 87 46 45 36 42 52 42 90 50 91 59 51 11 47 4 93 59 44 66 61 81 66 48 72
80 71 40 91 70 43 51 65 21 85 36 78 81 56 65 48 53 28 39 57 47 49 51 30 80 42 7 40 28 37 54 0 32 46 54 53 54 57 37 44 83 65 53 30 22 48 61 37 54 74 52 45 61 45 75 18 86 79 56 61 49 67 38 8 7 61 38 67 40 42 40 22 75 41 21 53 55 47 33 56
55 37 56 36 38 19 37 6 60 79 32 55 42 69 26 53 73 49 17 55 73 15 45 64 15 35 91 16 49 35 55 32 0 86 68 16 58 59 76 69 7 93 65 63 26 73 74 19 68 73 29 50 79 48 51 38 48 60 77 53 53 64 61 74 31 22 27 57 69 83 66 50 56 49 55 57 60 96 44 73
55 61 34 52 34 31 76 55 89 37 70 40 82 26 27 15 41 37 37 38 74 80 52 65 60 69 35 57 63 43 53 46 86 0 31 57 53 6 50 50 69 62 78 43 63 45 57 42 63 42 69 47 22 79 28 56 17 48 50 38 46 21 30 23 57 43 74 73 58 42 51 60 69 69 94 11 47 37 63 98
25 55 45 93 45 46 90 78 52 88 27 56 88 62 64 35 78 33 47 30 44 54 51 39 49 19 23 45 69 41 44 54 68 31 0 84 33 32 14 47 46 62 83 40 52 27 51 42 75 25 60 43 39 29 26 32 63 68 38 40 64 48 10 58 42 72 25 59 22 27 45 45 90 61 67 79 41 71 48 43
68 43 30 46 51 20 82 51 40 68 45 62 84 37 63 52 61 38 47 52 55 62 36 30 58 55 36 51 42 61 60 53 16 57 84 0 53 24 34 48 74 55 60 31 80 30 5 18 80 47 30 17 49 52 30 31 60 65 74 55 76 58 37 43 62 31 40 45 49 37 65 17 50 50 78 31 51 63 81 50
19 19 13 45 85 41 35 36 79 15 41 33 87 42 77 30 75 53 72 67 49 39 49 65 28 46 56 95 65 68 28 54 58 53 33 53 0 38 37 60 90 43 31 59 74 43 28 6 21 47 71 53 47 65 35 31 62 78 71 28 79 45 38 35 10 82 31 29 24 65 91 76 33 90 93 30 76 31 12 8
45 29 36 50 29 71 67 43 65 59 84 23 55 14 49 33 29 57 36 69 35 17 55 44 59 43 85 58 55 66 27 57 59 6 32 24 38 0 20 46 55 59 24 55 37 30 30 55 29 54 49 14 36 45 23 37 35 34 38 58 55 55 72 8 47 52 74 10 33 55 69 45 27 39 72 52 56 10 64 52
54 53 32 90 35 30 64 51 32 24 17 73 54 60 56 37 64 53 27 63 58 59 44 54 60 94 34 52 60 68 75 37 76 50 14 34 37 20 0 41 34 82 39 41 88 13 28 73 35 83 52 25 12 93 92 69 8 31 63 76 78 15 20 58 62 64 52 95 53 29 66 54 55 60 31 55 50 63 23 48
36 71 2 71 27 31 61 78 78 18 47 64 13 73 44 52 47 53 45 23 60 52 28 45 57 38 85 39 34 8 23 44 69 50 47 48 60 46 41 0 55 78 61 50 85 78 32 82 63 23 47 52 37 47 92 71 74 17 48 45 17 40 49 43 32 36 2 53 78 37 68 22 69 67 40 39 66 70 12 55
29 37 56 42 14 27 94 56 50 71 55 57 40 26 72 46 92 64 52 11 10 75 34 56 93 18 64 51 62 56 24 83 7 69 46 74 90 55 34 55 0 44 20 51 80 43 64 62 67 36 64 51 27 56 32 74 32 49 53 35 66 87 23 70 43 4 53 54 31 85 42 57 55 50 56 68 35 17 41 35
75 46 38 38 52 62 61 30 69 52 90 57 76 21 51 18 51 54 31 34 83 78 54 77 69 80 44 51 42 75 47 65 93 62 62 55 43 59 82 78 44 0 61 32 34 83 54 34 68 17 76 43 33 32 25 24 36 70 27 31 44 79 74 59 49 48 45 35 79 29 61 74 46 40 55 79 53 58 49 69
92 70 41 63 57 89 58 10 40 60 20 61 51 42 54 26 55 42 56 57 26 51 60 20 50 59 38 42 35 69 48 53 65 78 83 60 31 24 39 61 20 61 0 44 71 20 81 66 34 51 68 20 25 34 8 12 50 33 82 41 15 7 60 37 68 30 58 50 77 71 37 22 36 14 30 55 27 16 36 80
38 53 19 36 48 26 92 15 18 66 62 77 9 31 42 70 48 26 23 32 36 41 62 71 62 39 24 51 71 49 49 30 63 43 40 31 59 55 41 50 51 32 44 0 62 53 40 23 62 57 34 53 26 66 65 81 58 46 31 27 61 44 62 67 79 31 40 52 64 46 37 60 77 26 24 61 15 74 17 76
80 55 34 23 28 32 41 75 27 78 37 55 38 73 58 47 62 49 54 58 40 49 42 78 55 65 6 56 78 57 76 22 26 63 52 80 74 37 88 85 80 34 71 62 0 77 69 46 8 51 45 48 51 36 81 83 34 59 41 13 66 6 57 66 48 64 82 89 93 64 22 27 45 29 68 53 70 36 69 13
70 37 42 43 41 37 63 36 57 16 37 12 24 80 29 48 42 37 36 70 8 69 34 59 51 69 59 44 49 15 53 48 73 45 27 30 43 30 13 78 43 83 20 53 77 0 30 40 56 46 62 74 42 63 11 62 36 49 31 57 40 14 70 50 8 28 67 21 57 51 46 57 40 52 68 80 46 85 51 10
28 78 45 58 36 49 33 49 84 16 40 42 60 60 90 42 7 63 58 31 30 34 32 16 13 77 58 96 67 42 31 61 74 57 51 5 28 30 28 32 64 54 81 40 69 30 0 8 29 43 82 51 63 46 47 21 87 69 79 56 57 55 67 71 39 23 69 12 81 29 39 87 26 13 53 35 77 62 67 21
47 56 45 68 47 26 48 34 34 36 54 10 61 19 55 46 40 72 57 69 63 75 74 26 28 66 51 65 64 44 31 37 19 42 42 18 6 55 73 82 62 34 66 23 46 40 8 0 34 28 43 54 44 14 51 16 49 44 82 69 35 95 51 50 67 78 61 50 51 16 89 57 56 13 15 47 63 60 67 38
29 21 54 38 32 42 37 54 22 68 33 43 81 89 37 60 49 27 65 67 85 22 36 49 15 58 49 42 81 42 35 54 68 63 75 80 21 29 35 63 67 68 34 62 8 56 29 34 0 19 76 64 64 59 72 53 24 17 52 74 36 78 69 71 48 64 42 21 40 71 43 50 48 40 89 38 80 58 51 34
63 14 52 77 28 77 49 45 47 54 81 51 34 57 46 34 39 58 76 46 41 74 46 58 73 42 53 48 37 59 20 74 73 42 25 47 47 54 83 23 36 17 51 57 51 46 43 28 19 0 44 29 21 83 38 54 25 47 39 75 68 50 69 57 20 53 36 51 31 59 51 30 81 33 35 74 42 18 47 82
38 6 90 91 89 47 74 34 55 7 67 37 50 42 55 66 61 39 84 66 58 56 18 46 74 72 37 37 41 59 80 52 29 69 60 30 71 49 52 47 64 76 68 34 45 62 82 43 76 44 0 64 18 66 23 86 20 55 44 28 36 71 54 57 19 60 48 64 42 18 52 49 27 42 48 46 89 72 46 73
40 62 34 45 45 79 38 78 61 54 90 46 66 25 82 65 38 33 29 49 17 53 36 72 68 47 67 24 28 41 57 45 50 47 43 17 53 14 25 52 51 43 20 53 48 74 51 54 64 29 64 0 84 55 35 27 58 64 75 47 22 50 32 47 90 64 55 33 51 47 77 47 74 43 63 49 62 54 87 37
39 65 60 73 57 42 17 29 11 58 70 48 46 59 67 78 82 77 44 61 22 42 70 51 75 18 57 34 29 77 18 61 79 22 39 49 47 36 12 37 27 33 25 26 51 42 63 44 64 21 18 84 0 82 45 59 44 65 77 80 60 42 51 51 51 41 86 80 14 51 31 37 48 70 68 80 62 74 63 49
31 59 37 76 50 47 30 70 36 40 36 49 44 38 55 42 19 42 25 36 79 13 40 17 26 93 46 30 71 57 45 45 48 79 29 52 65 45 93 47 56 32 34 66 36 63 46 14 59 83 66 55 82 0 63 80 7 70 47 85 52 53 19 58 65 71 30 41 40 29 77 39 89 78 6 48 72 57 26 63
60 51 60 15 42 44 77 20 80 22 31 82 52 40 49 39 44 88 27 85 57 29 74 4 59 48 76 52 30 52 50 75 51 28 26 30 35 23 92 92 32 25 8 65 81 11 47 51 72 38 23 35 45 63 0 48 73 16 55 35 56 73 44 56 47 55 40 40 52 73 25 76 35 25 56 50 68 44 14 54
37 26 36 50 43 46 29 82 44 57 74 83 56 26 57 56 69 69 67 48 65 66 48 33 33 77 55 40 15 57 80 18 38 56 32 31 31 37 69 71 74 24 12 81 83 62 21 16 53 54 86 27 59 80 48 0 67 32 73 62 32 16 48 60 92 25 47 66 62 49 38 44 67 43 37 46 63 45 40 42
36 35 78 30 34 47 48 54 61 82 49 47 74 55 72 23 54 40 39 55 65 59 51 33 63 26 17 69 51 40 87 86 48 17 63 60 62 35 8 74 32 36 50 58 34 36 87 49 24 25 20 58 44 7 73 67 0 56 19 48 42 39 59 38 66 68 21 24 41 63 19 74 59 33 45 52 20 10 56 92
58 36 60 34 44 64 53 79 37 65 24 66 45 57 77 62 55 12 57 11 33 56 50 33 80 59 68 30 52 31 46 79 60 48 68 65 78 34 31 17 49 70 33 46 59 49 69 44 17 47 55 64 65 70 16 32 56 0 10 41 69 54 53 60 42 58 74 68 28 39 17 43 17 37 29 6 28 58 46 58
41 53 36 70 49 42 37 81 13 94 25 32 33 37 30 45 41 65 45 68 38 91 48 30 68 29 53 63 38 84 45 56 77 50 38 74 71 38 63 48 53 27 82 31 41 31 79 82 52 39 44 75 77 47 55 73 19 10 0 15 74 47 40 37 72 45 65 41 28 50 28 26 30 19 50 64 46 44 67 47
62 75 64 41 28 32 58 33 21 63 30 67 82 54 51 27 47 63 51 43 85 6 90 59 80 50 64 50 3 66 36 61 53 38 40 55 28 58 76 45 35 31 41 27 13 57 56 69 74 75 28 47 80 85 35 62 48 41 15 0 89 50 89 64 39 25 35 4 85 5 38 45 19 47 60 48 30 28 27 7
77 74 56 15 28 29 34 24 78 19 26 55 67 73 40 20 12 78 26 38 6 36 46 59 27 68 89 42 58 75 42 49 53 46 64 76 79 55 78 17 66 44 15 61 66 40 57 35 36 68 36 22 60 52 56 32 42 69 74 89 0 54 51 60 72 27 49 56 42 73 59 30 70 89 59 83 77 55 26 62
21 72 34 70 59 36 6 44 45 46 45 50 21 30 58 31 82 49 49 41 33 69 38 31 29 40 54 42 42 49 52 67 64 21 48 58 45 55 15 40 87 79 7 44 6 14 55 95 78 50 71 50 42 53 73 16 39 54 47 50 54 0 2 57 91 69 79 79 72 84 40 74 75 49 25 76 31 23 67 92
41 67 45 43 51 45 54 29 68 33 30 32 64 30 77 20 69 48 42 25 71 46 12 52 49 62 91 74 10 63 42 38 61 30 10 37 38 72 20 49 23 74 60 62 57 70 67 51 69 69 54 32 51 19 44 48 59 53 40 89 51 2 0 31 57 46 68 31 39 61 58 32 88 52 40 72 42 34 11 27
37 89 22 18 39 77 69 27 88 74 54 52 36 38 55 50 61 83 22 43 14 22 50 42 50 85 69 54 59 68 90 8 74 23 58 43 35 8 58 43 70 59 37 67 66 50 71 50 71 57 57 47 51 58 56 60 38 60 37 64 60 57 31 0 19 46 66 37 14 43 46 40 44 34 34 69 69 51 89 46
45 75 15 50 91 63 62 41 25 56 82 59 54 31 91 87 19 46 47 94 94 66 21 28 32 45 38 59 50 26 50 7 31 57 42 62 10 47 62 32 43 49 68 79 48 8 39 67 48 20 19 90 51 65 47 92 66 42 72 39 72 91 57 19 0 38 59 29 77 80 10 21 62 18 52 34 37 15 79 6
48 27 41 63 40 59 74 47 64 56 69 40 35 51 52 63 10 58 26 56 40 16 73 65 61 48 41 40 73 24 91 61 22 43 72 31 82 52 64 36 4 48 30 31 64 28 23 78 64 53 60 64 41 71 55 25 68 58 45 25 27 69 46 46 38 0 33 54 6 34 33 51 22 47 84 68 58 54 56 51
27 21 58 44 55 44 22 49 91 65 63 53 70 30 38 16 76 73 13 49 47 87 64 50 20 60 48 65 66 29 59 38 27 74 25 40 31 74 52 2 53 45 58 40 82 67 69 61 42 36 48 55 86 30 40 47 21 74 65 35 49 79 68 66 59 33 0 63 44 36 54 56 46 23 37 46 60 25 17 44
41 87 28 63 56 25 63 53 43 70 63 58 32 62 49 43 41 48 71 18 55 71 69 63 37 33 69 19 38 38 51 67 57 73 59 45 29 10 95 53 54 35 50 52 89 21 12 50 21 51 64 33 80 41 40 66 24 68 41 4 56 79 31 37 29 54 63 0 22 47 38 32 37 65 65 22 35 34 29 56
16 81 84 49 65 50 52 67 56 49 34 49 67 51 48 87 17 60 57 53 22 8 36 48 34 26 26 87 43 50 11 40 69 58 22 49 24 33 53 78 31 79 77 64 93 57 81 51 40 31 42 51 14 40 52 62 41 28 28 85 42 72 39 14 77 6 44 22 0 79 56 20 18 51 27 54 42 46 46 83
56 80 65 56 33 17 39 43 53 90 62 70 65 84 11 49 37 11 39 28 64 27 58 86 54 51 43 27 51 41 47 42 83 42 27 37 65 55 29 37 85 29 71 46 64 51 29 16 71 59 18 47 51 29 73 49 63 39 50 5 73 84 61 43 80 34 36 47 79 0 59 17 66 55 46 76 60 36 54 52
26 82 59 57 51 42 34 25 77 27 38 64 54 53 79 71 20 79 20 61 23 22 79 55 55 43 41 32 52 36 4 40 66 51 45 65 91 69 66 68 42 61 37 37 22 46 39 89 43 51 52 77 31 77 25 38 19 17 28 38 59 40 58 46 10 33 54 38 56 59 0 53 67 54 45 65 33 47 59 65
89 38 74 59 46 55 36 69 76 81 83 67 60 52 17 35 62 13 49 52 37 38 47 50 39 30 81 60 44 43 93 22 50 60 45 17 76 45 54 22 57 74 22 60 27 57 87 57 50 30 49 47 37 39 76 44 74 43 26 45 30 74 32 40 21 51 56 32 20 17 53 0 44 26 64 49 47 6 21 89
42 56 30 46 54 65 21 50 44 56 78 84 34 54 36 78 43 68 27 67 41 62 49 21 80 63 57 43 47 31 59 75 56 69 90 50 33 27 55 69 55 46 36 77 45 40 26 56 48 81 27 74 48 89 35 67 59 17 30 19 70 75 88 44 62 22 46 37 18 66 67 44 0 48 64 51 47 42 85 58
39 59 82 7 90 49 48 44 64 47 65 19 25 52 56 41 65 78 58 46 20 26 67 62 34 55 60 45 63 73 44 41 49 69 61 50 90 39 60 67 50 40 14 26 29 52 13 13 40 33 42 43 70 78 25 43 33 37 19 47 89 49 52 34 18 47 23 65 51 55 54 26 48 0 43 44 51 52 75 32
21 33 28 75 62 63 59 27 32 54 26 18 62 72 79 53 59 56 35 22 35 26 75 53 33 57 32 76 68 32 66 21 55 94 67 78 93 72 31 40 56 55 30 24 68 68 53 15 89 35 48 63 68 6 56 37 45 29 50 60 59 25 40 34 52 84 37 65 27 46 45 64 64 43 0 73 50 53 85 36
45 58 72 43 52 61 29 63 37 39 67 82 67 54 51 25 6 40 45 54 39 29 47 86 47 80 46 64 54 55 61 53 57 11 79 31 30 52 55 39 68 79 55 61 53 80 35 47 38 74 46 49 80 48 50 46 52 6 64 48 83 76 72 69 34 68 46 22 54 76 65 49 51 44 73 0 56 14 47 70
50 21 30 68 86 36 25 31 59 66 83 34 89 29 58 43 78 60 32 25 69 57 48 71 33 70 47 32 49 32 81 55 60 47 41 51 76 56 50 66 35 53 27 15 70 46 77 63 80 42 89 62 62 72 68 63 20 28 46 30 77 31 42 69 37 58 60 35 42 60 33 47 47 51 50 56 0 61 7 56
29 36 93 70 36 20 40 50 75 12 19 73 81 45 45 80 24 55 37 57 41 49 28 36 16 89 31 40 48 84 66 47 96 37 71 63 31 10 63 70 17 58 16 74 36 85 62 60 58 18 72 54 74 57 44 45 10 58 44 28 55 23 34 51 15 54 25 34 46 36 47 6 42 52 53 14 61 0 29 31
29 30 58 39 16 74 74 43 74 40 69 29 40 27 39 20 46 49 77 45 50 46 92 51 49 40 47 36 60 51 48 33 44 63 48 81 12 64 23 12 41 49 36 17 69 51 67 67 51 47 46 87 63 26 14 40 56 46 67 27 26 67 11 89 79 56 17 29 46 54 59 21 85 75 85 47 7 29 0 79
41 79 74 51 36 93 32 39 27 63 53 24 61 29 48 19 53 22 58 40 28 76 84 34 30 25 52 81 43 70 72 56 73 98 43 50 8 52 48 55 35 69 80 76 13 10 21 38 34 82 73 37 49 63 54 42 92 58 47 7 62 92 27 46 6 51 44 56 83 52 65 89 58 32 36 70 56 31 79 0
