500
-149.408461 -111.419312
-149.174381 -109.678953
-149.019982 -110.461209
-149.133580 -111.384829
-148.736350 -110.029197
-150.453701 -111.730131
-149.851442 -112.596371
-148.103300 -111.174601
-150.766057 -111.600729
-150.428397 -110.799288
-150.066344 -111.621237
-148.315768 -112.404050
-148.560253 -109.106261
-147.946286 -112.662104
-151.013822 -111.019504
-149.090086 -111.985512
-148.814996 -111.262110
-148.806140 -111.035989
-147.722914 -111.313441
-149.728417 -111.443622
-149.329106 -109.712314
-149.904387 -111.364597
-149.105514 -110.456846
-150.384265 -112.250602
-149.604212 -112.035326
-150.397191 -111.417553
-148.982357 -111.293788
-149.808859 -111.682385
-150.266161 -109.360727
-149.794371 -112.187816
-149.761129 -111.813562
-149.975181 -111.327311
-149.828266 -109.076727
-107.292008 -35.861441
-107.836731 -36.521155
-110.192436 -35.074396
-108.029358 -33.683933
-107.320997 -36.931847
-107.628093 -36.988941
-109.452108 -34.800358
-111.090041 -35.692513
-109.300990 -35.368916
-109.604513 -36.761455
-110.977065 -38.074043
-108.580006 -36.265379
-109.627194 -35.461195
-108.314114 -35.645291
-108.461181 -35.046014
-108.961302 -36.469639
-109.375232 -37.073587
-108.113209 -37.452385
-106.374490 -34.303041
-106.384480 -35.111607
-109.172291 -37.153450
-110.143932 -34.855652
-109.047423 -35.247040
-109.102189 -35.265789
-109.361830 -37.199874
-110.720363 -36.585357
-109.221097 -35.832485
-108.866597 -35.432705
-107.585675 -34.825425
-108.944725 -35.799155
-108.987975 -33.917788
-107.784004 -36.587092
-106.187027 -36.561686
36.028460 100.483523
35.988698 102.578677
35.163318 101.034228
36.120699 100.508380
36.298228 100.147729
35.492542 101.905769
36.083519 98.894390
38.361369 101.002237
35.541286 100.016482
35.413619 102.614042
35.858660 100.914976
36.136726 98.778527
37.104350 101.696072
36.501480 101.124468
33.908824 101.580445
35.717815 102.205206
35.074901 99.714473
36.942880 101.768344
35.817137 100.055099
37.393304 100.074979
37.434914 103.112299
36.910407 101.938570
34.409653 100.848996
37.727440 100.965386
36.017602 100.529585
36.199592 101.885466
33.823933 100.212318
34.931776 102.556045
35.399064 100.466963
35.349185 100.122498
35.510136 102.466490
37.295629 101.660931
34.143750 101.190639
-112.926626 18.358846
-112.074664 17.692347
-111.604554 20.694161
-111.645956 17.284508
-112.139137 18.718284
-112.915058 16.732439
-112.845776 19.107426
-110.613724 17.057703
-111.486410 17.693615
-110.517050 18.295904
-113.308381 19.340575
-111.412879 18.766291
-112.761567 19.571800
-111.323501 18.235742
-114.442462 18.081741
-111.818653 17.153384
-110.888413 17.005197
-112.104681 17.854790
-112.185740 18.838221
-111.626615 20.441677
-111.216027 18.548337
-113.010719 18.076822
-112.095522 20.069333
-109.933648 18.090074
-112.781035 18.398394
-113.237125 17.931252
-112.994535 18.451435
-113.095046 19.743730
-111.869992 18.457767
-111.077834 15.542720
-113.109695 18.679873
-111.767661 19.183352
-110.585246 19.008891
-67.593511 97.657314
-68.488508 98.497207
-66.958601 97.698189
-65.518248 97.850474
-68.534564 98.439362
-68.551676 98.251402
-68.514424 98.091348
-67.269729 98.026840
-67.436064 97.098622
-68.489439 97.573320
-66.867857 99.221398
-69.212737 98.627058
-67.960565 96.979997
-65.625982 99.235979
-68.840835 96.841645
-67.268586 96.625068
-67.558967 97.595924
-66.094461 96.725757
-66.796713 96.414394
-67.897540 98.405978
-67.615987 97.609630
-67.287207 98.097271
-68.341504 96.660647
-69.629447 97.641956
-66.576048 97.928036
-69.701161 96.989109
-66.121613 97.596497
-67.806808 97.654552
-69.155968 98.728851
-68.637245 97.041073
-65.631217 98.386942
-67.112004 96.789738
-66.274239 97.575899
43.465852 -86.031882
42.262658 -85.710661
43.020541 -87.128842
42.976426 -84.886527
41.314623 -84.306020
42.480312 -84.811430
43.016126 -86.372566
44.873073 -84.930021
42.640879 -85.345919
41.264258 -85.189588
42.725914 -86.414678
42.586072 -85.694337
43.411690 -86.546841
44.430171 -85.467249
42.752415 -84.592742
43.693444 -86.445875
44.111073 -84.373054
40.162216 -85.042736
42.550167 -85.009226
42.837092 -84.268982
43.237824 -85.394381
42.240666 -86.396277
42.966522 -85.742864
43.555080 -86.343450
41.862785 -85.852627
41.009283 -84.193622
41.079474 -85.298174
43.450205 -84.943221
43.168292 -86.257808
43.345518 -84.300356
41.780972 -86.300895
41.717150 -87.917732
45.646135 -85.794113
-136.530139 -2.580570
-137.776178 -2.880145
-137.555698 -4.342555
-138.729339 -2.233445
-138.605573 -5.095108
-139.858330 -3.014423
-138.672536 -2.830272
-137.357260 -2.445302
-138.563492 -1.878852
-138.230178 -1.661058
-138.582763 -2.330447
-136.605313 -0.650891
-136.990162 -2.498291
-138.870202 -3.447005
-138.137559 -1.683347
-137.805097 -1.641629
-138.596800 -1.145829
-137.488339 -3.568209
-139.008300 -2.332548
-139.412406 -2.274847
-137.889127 -0.782040
-138.095063 -1.524135
-137.071638 -1.940124
-136.770658 -4.281071
-138.462891 -3.566562
-137.922777 -2.214827
-136.132267 -1.570613
-137.836650 -3.152463
-137.911332 -3.265601
-138.766015 -1.483088
-138.994574 -2.727063
-137.739021 -3.227710
-137.731820 -3.224925
-53.008706 140.399333
-54.787996 139.834428
-53.177170 141.192508
-53.909799 138.687569
-52.744515 139.264562
-51.676672 137.997495
-53.243749 139.664957
-52.319964 140.484503
-52.113122 140.562781
-52.281613 139.378142
-51.768652 139.714620
-52.065618 142.338941
-51.742374 138.155244
-53.117985 138.891691
-53.528625 139.614122
-54.073088 139.602558
-53.278495 140.034426
-53.258814 138.606787
-51.790234 139.816442
-50.983407 140.510501
-53.761448 138.478343
-52.993939 139.949963
-52.634207 139.785682
-50.868059 137.652414
-52.056597 140.361344
-52.889368 141.552900
-54.204025 138.937049
-52.525313 140.970637
-52.576540 139.783400
-52.427488 138.367876
-52.474630 140.222389
-53.366003 139.415270
-52.492614 139.460643
83.968822 77.341053
84.863194 77.971575
82.999414 77.198264
83.590016 76.515955
83.181984 76.727046
83.321835 76.604365
84.532533 77.128473
85.452885 77.212139
83.693337 77.441930
84.280076 77.399908
83.105782 76.835921
84.170480 78.773131
83.583746 77.995827
84.262190 76.531457
82.947232 78.701542
83.496256 77.334217
84.963232 77.928386
84.585382 77.798249
83.949281 76.822926
83.983684 75.906966
84.225294 78.046655
83.453621 75.237873
84.339391 77.086332
84.985313 77.500352
82.751327 77.447226
83.369479 75.502637
83.498312 75.638661
84.564609 77.220059
83.638516 76.975284
83.974566 77.150404
82.839987 76.412421
83.063320 77.639042
83.920708 77.466274
147.497997 79.816157
149.364674 81.339560
148.602504 80.091943
148.425576 80.704946
150.518110 82.342040
147.851789 82.966656
148.510000 81.884489
150.087904 81.332087
148.284817 81.697174
150.729237 81.514359
148.888695 80.934325
150.099640 82.728606
148.352809 81.369913
147.583914 82.933744
146.602291 80.809759
150.350709 81.941124
148.642635 80.612224
147.323030 80.202463
149.551806 80.693170
148.900409 79.643095
150.649772 82.020008
149.725835 81.156621
148.334281 80.957565
148.555869 81.817469
148.985969 81.090889
148.755145 81.982158
147.241590 80.856974
150.959037 81.464422
148.469451 81.943977
149.490676 79.618573
150.712143 80.576772
149.126198 82.452551
148.609221 83.320360
76.090130 1.402283
73.671552 0.830250
76.197965 -0.191962
77.634736 -1.060035
75.298410 1.457425
78.323830 1.249560
74.419750 0.582297
77.882662 0.317871
77.400296 0.597616
77.709497 1.711592
76.310596 0.540662
75.857690 2.193979
77.376881 0.696633
75.659599 0.951515
76.711237 0.175730
74.624422 0.640368
76.368873 0.275134
76.275752 0.527424
77.408124 -0.266577
75.374826 0.640690
75.565457 2.879554
76.811353 -0.319489
76.746850 0.768120
77.820936 1.535882
75.917505 0.581837
76.149570 0.372390
75.707859 1.229993
76.457992 -0.078577
75.905120 2.569287
75.190925 0.842249
73.078228 2.608377
76.103062 1.573221
76.165979 -0.183232
-32.422358 -122.492195
-31.509808 -123.077033
-32.866582 -125.099518
-33.608160 -122.363814
-35.035572 -124.148445
-34.547400 -126.161078
-33.045813 -124.844706
-32.606570 -124.427326
-32.387280 -122.239648
-32.492514 -123.538996
-34.070269 -124.357749
-32.317066 -123.899041
-32.737451 -123.581308
-32.567443 -124.323526
-33.240063 -124.543290
-32.316999 -122.704168
-33.269253 -124.062170
-31.866709 -123.565499
-31.873018 -123.634054
-33.025171 -124.310669
-32.630852 -127.551117
-32.190812 -125.076701
-33.418614 -125.456725
-33.430943 -123.146137
-33.945155 -122.412090
-32.810896 -122.382288
-31.890928 -122.291685
-33.585674 -121.026031
-33.296598 -124.605246
-33.238771 -124.528144
-34.635391 -123.488670
-32.498601 -124.492086
-31.388849 -123.471753
-139.400425 87.064148
-137.350611 86.439663
-139.524441 84.217273
-138.440157 83.822802
-138.636334 87.550569
-138.903704 86.751937
-140.366704 86.856018
-140.390713 85.372543
-138.128653 86.181209
-140.547473 85.411213
-139.631395 85.135922
-139.835383 87.706879
-140.054983 85.271192
-140.866174 86.301680
-138.709221 87.315409
-140.020521 85.138243
-138.783460 86.921480
-139.863106 88.595835
-139.788873 84.892611
-139.766193 85.925682
-139.010739 86.398146
-138.365682 85.842994
-138.633489 84.559321
-138.067521 87.482962
-139.751962 86.160484
-139.346945 87.083105
-137.484578 84.878833
-137.197539 83.780352
-138.260874 85.949135
-139.270762 86.509030
-139.651578 87.369608
-139.605620 85.188518
-139.559462 86.376045
53.325196 -15.315639
53.730965 -16.841947
53.287551 -16.899558
52.876304 -17.604964
51.485050 -17.640328
51.600734 -16.656971
52.944017 -18.307808
51.345742 -17.440100
53.965178 -17.035967
54.124147 -17.878464
51.824626 -18.955316
53.906768 -17.945927
53.528680 -15.965225
52.859186 -18.425330
55.051323 -17.326972
53.438066 -15.524955
52.607468 -19.296404
53.042056 -17.811876
51.794481 -17.302510
53.197987 -18.433863
53.784614 -17.128447
52.757921 -18.646609
54.473888 -18.394953
52.513644 -17.204328
51.605167 -18.231419
51.580221 -18.539668
53.156819 -18.088238
52.511223 -17.474654
53.603967 -17.765119
53.190847 -17.816876
52.932607 -17.551435
54.446598 -17.437975
54.243245 -17.767822
-85.934783 90.669958
-85.873633 90.931055
-84.865904 91.009822
-85.777048 89.784813
-85.021052 89.973882
-83.380066 90.395806
-85.745785 89.691129
-85.512065 88.619995
-85.790616 92.300565
-85.386983 90.068878
-86.028887 89.369782
-85.736295 89.670019
-84.701804 88.472742
-85.198332 91.816301
-86.974237 90.427076
-84.516146 89.931580
-87.143565 90.644619
-86.150508 89.494092
-85.792518 88.603239
-86.814832 90.476162
-86.691367 91.221878
-87.059351 89.994081
-85.196463 90.552931
-86.413071 90.908753
-86.269764 91.987015
-88.837438 90.952894
-86.146463 90.291113
-86.136526 90.653538
-86.422428 90.312725
-84.993611 90.976084
-87.355889 90.518246
-85.383530 89.622240
-86.768334 89.739726
-86.798228 90.467572
-83.879978 92.691349
-86.303208 91.546719
-85.587574 88.721030
-85.087633 89.526564
