100
-19.110165 -23.663106
-18.868726 -22.543854
-19.110572 -22.893904
-21.656341 -22.654335
-20.093977 -24.503495
-19.256214 -24.569508
-18.947074 -21.098614
-17.910533 -23.230831
-20.445169 -22.709431
-19.462730 -22.032161
-19.929723 -23.599003
-19.691808 -21.721024
40.671809 -17.935164
40.348488 -18.239269
39.862172 -18.720421
39.783399 -17.989539
39.893955 -17.826611
39.236335 -16.483554
38.953056 -19.252747
39.981696 -18.598560
39.246202 -17.295807
39.021102 -18.339132
39.597577 -16.396533
38.075144 -17.094043
-25.615137 9.084758
-25.928735 7.295817
-26.281166 8.083650
-25.914599 8.631158
-27.240295 7.564113
-27.082335 9.973848
-24.786850 9.958984
-25.611965 9.207520
-25.376572 9.738876
-25.872911 9.783050
-25.077713 7.996218
-27.119767 8.544248
-50.334130 -60.596975
-48.535776 -61.124835
-47.677956 -61.797164
-49.865962 -62.274270
-50.718613 -60.564250
-48.974604 -59.930810
-50.992250 -60.692989
-48.103694 -62.470205
-51.445962 -60.834663
-50.506024 -61.247306
-50.723227 -60.233300
-49.828572 -61.204830
55.664956 -18.051234
55.023569 -16.154343
54.096730 -16.195731
54.452771 -16.596213
54.222216 -15.272619
54.462796 -15.101966
54.260029 -15.684485
53.810132 -16.701442
53.903763 -15.534215
54.420529 -15.538767
54.181054 -15.944091
53.764289 -15.541848
67.759359 -24.792298
67.735665 -23.350827
68.593068 -24.250003
69.268024 -24.763614
69.725421 -24.664370
69.836833 -25.564229
69.250504 -25.085363
69.252021 -24.806859
69.140172 -25.164841
67.472411 -23.214045
70.242446 -24.232605
68.041238 -25.535175
-22.315885 78.110559
-21.154029 76.977326
-22.807299 79.599662
-21.486562 78.852789
-22.052009 78.818971
-22.374228 77.094426
-21.939186 78.335328
-21.409962 78.198731
-21.166939 78.599092
-21.572544 77.856417
-22.725308 79.338969
-22.035240 78.586660
-34.593940 -75.589202
-36.864045 -73.803194
-33.842311 -72.820423
-35.523840 -74.286884
-34.456483 -76.333463
-34.930915 -74.957524
-35.562591 -73.882249
-33.453294 -75.517566
-34.485061 -75.407263
-36.227489 -75.141243
-34.547112 -76.574600
-35.506866 -75.359098
-34.406903 -74.996837
-34.627164 -74.725386
-33.768613 -73.607401
-34.978450 -74.602504
